0.353233 0.059994 0.534671 0.952161 0.245603 0.661871 1
0.990439 0.024766 0.840315 0.781559 0.989145 0.590250 1
0.157783 0.039594 0.636134 0.853263 0.446433 0.816156 1
0.474762 0.814433 0.710705 0.154202 0.160961 0.120790 0
0.359798 0.052724 0.060253 0.499422 0.733064 0.267465 0
0.795811 0.756764 0.708524 0.147342 0.711857 0.262471 0
0.384724 0.593798 0.125148 0.100025 0.899154 0.751918 0
0.542845 0.895434 0.427314 0.508583 0.329240 0.844736 1
0.339091 0.275485 0.075566 0.879784 0.924691 0.148136 0
0.183961 0.427054 0.455724 0.374900 0.841133 0.666640 0
0.935059 0.361923 0.376521 0.870782 0.720704 0.623521 1
0.239174 0.480799 0.128249 0.558850 0.416688 0.854294 0
0.754956 0.935551 0.719092 0.983202 0.522552 0.389685 0
0.223538 0.648111 0.836051 0.438379 0.931157 0.539352 0
0.080362 0.035768 0.520228 0.656891 0.241443 0.064307 1
0.652070 0.741972 0.582953 0.318411 0.645327 0.106631 0
0.079870 0.919444 0.646218 0.894233 0.914141 0.028425 1
0.616206 0.416541 0.425010 0.421611 0.463417 0.768652 0
0.863313 0.368604 0.703122 0.188429 0.295814 0.358591 0
0.962196 0.531673 0.469229 0.669506 0.739490 0.576841 1
0.321854 0.633529 0.860896 0.690177 0.374699 0.069515 1
0.124030 0.348037 0.142739 0.968298 0.052564 0.811460 0
0.879074 0.945526 0.490817 0.724198 0.588247 0.464223 0
0.043974 0.987506 0.314038 0.338536 0.282564 0.239275 0
0.462845 0.561792 0.488240 0.575160 0.966782 0.154621 1
0.075392 0.306043 0.685385 0.169162 0.927834 0.204769 1
0.821735 0.765074 0.355585 0.856365 0.865267 0.360882 0
0.871050 0.959529 0.890912 0.711322 0.903582 0.236169 0
0.246504 0.576782 0.935963 0.921748 0.466558 0.834205 1
0.861256 0.875508 0.733876 0.554452 0.798790 0.177900 0
0.259497 0.976897 0.650687 0.786232 0.103955 0.962442 1
0.702470 0.081498 0.631350 0.037120 0.869340 0.040927 1
0.056140 0.279976 0.579035 0.035140 0.700218 0.680151 1
0.186736 0.055069 0.520339 0.149439 0.449628 0.754750 1
0.048385 0.630993 0.928640 0.493325 0.954456 0.920149 0
0.560664 0.922772 0.971258 0.414362 0.280979 0.275305 0
0.063004 0.997021 0.475824 0.314562 0.724569 0.902889 0
0.978966 0.757383 0.913451 0.971467 0.508580 0.974710 1
0.589595 0.156865 0.443441 0.713401 0.375667 0.789732 0
0.102954 0.215977 0.164344 0.748130 0.907414 0.006646 0
0.338989 0.756001 0.160137 0.689676 0.227128 0.621219 1
0.747372 0.675007 0.437436 0.573637 0.182051 0.124303 0
0.089588 0.768831 0.170008 0.805810 0.164208 0.831116 1
0.305782 0.761556 0.364624 0.467166 0.211360 0.742285 0
0.834947 0.326277 0.198898 0.616551 0.625446 0.379700 1
0.407772 0.934916 0.018578 0.261997 0.042759 0.875648 0
0.841971 0.978918 0.020010 0.028133 0.741860 0.435398 0
0.931371 0.899833 0.294774 0.109170 0.632168 0.956848 1
0.976901 0.792764 0.170518 0.326876 0.256853 0.263130 0
0.083173 0.296840 0.648479 0.401342 0.238722 0.674488 1
0.778353 0.080149 0.706579 0.594311 0.048763 0.179820 0
0.670660 0.137960 0.956264 0.489069 0.638742 0.947277 1
0.536891 0.351508 0.009629 0.173462 0.015147 0.773433 0
0.393021 0.834684 0.823732 0.185541 0.644515 0.480292 0
0.206159 0.779869 0.046119 0.834684 0.189938 0.207037 1
0.479410 0.335384 0.623843 0.747403 0.016660 0.567295 1
0.349342 0.713251 0.220032 0.360715 0.302568 0.360421 0
0.697601 0.909173 0.320353 0.764168 0.972971 0.486553 0
0.718486 0.535387 0.956534 0.016771 0.251022 0.224690 0
0.906903 0.637785 0.294039 0.274912 0.486594 0.220993 0
0.282072 0.840311 0.914075 0.937071 0.188872 0.185224 1
0.414493 0.869210 0.275601 0.006817 0.602609 0.390297 0
0.203254 0.430150 0.466876 0.719089 0.911152 0.570876 0
0.650377 0.057873 0.110454 0.971990 0.238480 0.909473 0
0.779619 0.141268 0.195353 0.750506 0.461410 0.551627 0
0.719623 0.735808 0.126073 0.166291 0.684588 0.571236 1
0.031150 0.263672 0.984192 0.545981 0.131618 0.940149 1
0.691622 0.302101 0.100771 0.365694 0.820257 0.267314 1
0.829452 0.867949 0.395509 0.467614 0.017878 0.966467 1
0.779106 0.150667 0.421083 0.674716 0.789180 0.387490 1
0.808554 0.356396 0.472808 0.290326 0.840848 0.904831 1
0.389471 0.443170 0.011584 0.000283 0.057802 0.546982 0
0.378601 0.557681 0.578230 0.091208 0.032327 0.366643 0
0.248042 0.992696 0.009267 0.867268 0.222786 0.951998 1
0.576147 0.310402 0.521389 0.701438 0.567152 0.764502 1
0.902326 0.202828 0.196798 0.361680 0.921028 0.112963 1
0.703103 0.479754 0.838570 0.694264 0.820874 0.632259 1
0.688699 0.805811 0.846053 0.941156 0.976687 0.345042 0
0.975155 0.745529 0.277653 0.906721 0.680350 0.112143 0
0.285547 0.241673 0.282429 0.885802 0.413883 0.266015 0
0.901046 0.373941 0.141263 0.396404 0.465538 0.242517 0
0.853976 0.652099 0.672637 0.896656 0.277996 0.973717 1
0.361041 0.367704 0.625301 0.038835 0.361817 0.084318 1
0.746037 0.985934 0.041536 0.738246 0.509399 0.953417 1
0.582091 0.763810 0.164356 0.356900 0.919684 0.975246 1
0.057451 0.693697 0.910434 0.168503 0.129297 0.729521 0
0.866638 0.298552 0.071885 0.466767 0.601499 0.226040 1
0.073258 0.686107 0.032580 0.446098 0.494037 0.048814 0
0.100461 0.396922 0.416659 0.079278 0.069320 0.674798 0
0.637625 0.962993 0.642467 0.479054 0.852821 0.325316 0
0.013425 0.712931 0.583749 0.071552 0.801146 0.626870 0
0.177276 0.458674 0.087854 0.721397 0.976497 0.918485 0
0.274953 0.078223 0.557514 0.831528 0.200231 0.237281 1
0.585805 0.500747 0.871296 0.550413 0.858706 0.233303 0
0.543095 0.791654 0.929669 0.313008 0.064206 0.202175 0
0.774067 0.987875 0.489042 0.472634 0.279604 0.179957 0
0.182046 0.957845 0.203213 0.069333 0.466248 0.008137 0
0.480329 0.607817 0.342756 0.241078 0.497404 0.253227 0
0.136812 0.647755 0.771407 0.884673 0.173052 0.785466 1
0.453400 0.339577 0.844200 0.416184 0.364089 0.290475 1
0.039450 0.724826 0.666722 0.668974 0.191075 0.256817 1
0.452906 0.035046 0.426484 0.203353 0.047217 0.643581 0
0.553645 0.409252 0.447611 0.526019 0.586437 0.030867 1
0.277340 0.396754 0.387805 0.907131 0.033461 0.324703 0
0.423161 0.471289 0.151682 0.404338 0.974536 0.180421 0
0.638523 0.328228 0.440001 0.363271 0.783688 0.296932 1
0.918791 0.865696 0.333818 0.818819 0.034515 0.867117 1
0.298360 0.123381 0.113727 0.316040 0.285366 0.851351 0
0.280282 0.463615 0.587026 0.149980 0.904008 0.488126 1
0.689725 0.170395 0.489945 0.086744 0.014203 0.660800 0
0.254449 0.307188 0.270174 0.629538 0.791348 0.385660 0
0.853537 0.644234 0.943761 0.193530 0.547089 0.847267 1
0.448180 0.414555 0.131836 0.883182 0.760156 0.488161 0
0.129273 0.424373 0.742865 0.039484 0.244529 0.937010 1
0.843386 0.006826 0.593920 0.631381 0.507671 0.985292 1
0.652440 0.245996 0.258377 0.660331 0.845025 0.083355 1
0.022281 0.500776 0.646254 0.951961 0.717629 0.908788 1
0.663382 0.896440 0.378048 0.533470 0.388357 0.107405 0
0.342038 0.008723 0.780565 0.942349 0.851815 0.707549 1
0.039406 0.993984 0.672427 0.784612 0.148916 0.799593 1
0.113072 0.888319 0.893995 0.506647 0.155028 0.343698 1
0.247535 0.644299 0.170918 0.938062 0.844274 0.396768 1
0.193677 0.231895 0.637444 0.461267 0.453633 0.416510 1
0.393787 0.552325 0.444016 0.433477 0.088943 0.861964 0
0.745105 0.065412 0.489540 0.287355 0.140838 0.147194 0
0.773252 0.313190 0.355569 0.608949 0.052815 0.133505 0
0.086458 0.545500 0.863096 0.969594 0.976528 0.460703 1
0.226236 0.559909 0.598086 0.056389 0.937648 0.123904 0
0.328773 0.256627 0.795255 0.055687 0.508530 0.795212 1
0.170443 0.772939 0.988327 0.469712 0.308527 0.251301 0
0.359652 0.846568 0.197945 0.041189 0.367762 0.097513 0
0.547187 0.795063 0.868269 0.313910 0.967198 0.963814 1
0.817325 0.205375 0.113707 0.994072 0.783457 0.425384 1
0.382141 0.104512 0.347863 0.132141 0.845549 0.917314 0
0.599198 0.128858 0.368410 0.588744 0.141243 0.135166 0
0.924701 0.502349 0.220953 0.634712 0.804455 0.595568 1
0.654143 0.945084 0.822953 0.802961 0.275926 0.260052 0
0.846054 0.228773 0.166750 0.153569 0.894949 0.952132 1
0.452025 0.568969 0.933974 0.623549 0.005058 0.232509 1
0.096828 0.409993 0.288932 0.258496 0.774911 0.977093 0
0.354087 0.530986 0.356346 0.586083 0.904140 0.039376 1
0.146207 0.364657 0.854621 0.549436 0.023269 0.115590 1
0.263953 0.080435 0.419868 0.257405 0.901653 0.277479 0
0.662424 0.962350 0.606727 0.359427 0.710896 0.928636 1
0.028885 0.060015 0.952584 0.494703 0.500639 0.518857 1
0.593608 0.269899 0.873972 0.144973 0.369107 0.903866 0
0.415106 0.302644 0.380373 0.507344 0.490247 0.022963 0
0.664583 0.275154 0.212863 0.180627 0.445271 0.733985 0
0.282541 0.164602 0.582004 0.822288 0.275535 0.483170 1
0.391169 0.082164 0.097135 0.333001 0.046463 0.825888 0
0.830128 0.507661 0.915558 0.885407 0.322244 0.783163 1
0.773205 0.126419 0.183141 0.122577 0.162856 0.031563 0
0.943770 0.234838 0.685673 0.122146 0.126756 0.661134 0
0.661336 0.827251 0.615440 0.677486 0.237251 0.198245 0
0.247068 0.233706 0.613553 0.260338 0.640847 0.678391 1
0.854876 0.904275 0.390036 0.028884 0.463420 0.679012 1
0.932499 0.953818 0.912101 0.711623 0.391383 0.052290 0
0.062651 0.599497 0.826857 0.601121 0.868980 0.814326 1
0.407064 0.444815 0.155108 0.732042 0.991542 0.173116 0
0.631966 0.347692 0.986998 0.152339 0.672736 0.710292 1
0.765994 0.744938 0.452365 0.568829 0.997286 0.279355 0
0.158627 0.635228 0.200483 0.288485 0.079913 0.717833 0
0.136170 0.503369 0.835238 0.397978 0.405583 0.966999 0
0.092866 0.163503 0.715039 0.643728 0.014526 0.582449 1
0.962958 0.025159 0.098676 0.931861 0.358588 0.089948 0
0.241796 0.256863 0.078702 0.164880 0.533834 0.324991 0
0.968533 0.442480 0.835634 0.852726 0.039920 0.318733 0
0.322388 0.522140 0.108898 0.281054 0.357922 0.378381 0
0.977650 0.783459 0.513994 0.825005 0.682982 0.084059 0
0.410213 0.905475 0.163252 0.819803 0.185834 0.077308 1
0.211430 0.134140 0.194449 0.033659 0.971981 0.835646 0
0.673979 0.287424 0.206257 0.268826 0.602658 0.069134 1
0.625512 0.740426 0.727390 0.243036 0.013506 0.970627 1
0.322434 0.693104 0.757518 0.412792 0.419200 0.081406 0
0.647920 0.102367 0.233237 0.408730 0.150155 0.531041 0
0.775360 0.617922 0.544984 0.359606 0.352630 0.885524 1
0.554890 0.966918 0.517964 0.396963 0.899626 0.384501 0
0.433278 0.610730 0.968252 0.505613 0.333861 0.687281 1
0.224738 0.369756 0.299000 0.613533 0.049108 0.323572 0
0.933989 0.710121 0.968363 0.393609 0.510681 0.642854 1
0.147148 0.363751 0.840267 0.807144 0.103312 0.236791 1
0.003900 0.818323 0.878100 0.695690 0.112837 0.740401 1
0.484266 0.517574 0.213035 0.517711 0.257371 0.642353 1
0.418007 0.181962 0.162955 0.455254 0.651802 0.853210 0
0.378461 0.306401 0.677710 0.449776 0.443058 0.107240 1
0.370956 0.462889 0.822428 0.622352 0.623815 0.132049 1
0.443400 0.912660 0.342327 0.067052 0.398635 0.991074 0
0.710951 0.806944 0.485903 0.005637 0.688424 0.347533 0
0.953876 0.716009 0.624441 0.747578 0.103848 0.003891 0
0.834811 0.017628 0.832917 0.530406 0.789857 0.136918 1
0.153262 0.031078 0.084382 0.283253 0.891359 0.413150 0
0.650637 0.903489 0.723764 0.272203 0.332506 0.678212 1
0.501500 0.269609 0.899181 0.896563 0.593935 0.070470 1
0.890188 0.583151 0.672918 0.945868 0.181245 0.427768 0
0.587849 0.245984 0.067614 0.870401 0.279282 0.385683 0
0.984875 0.270202 0.258257 0.424067 0.133014 0.640182 0
0.394144 0.861953 0.962652 0.132802 0.026319 0.047858 0
0.235055 0.642808 0.519818 0.418774 0.958604 0.912202 0
0.246809 0.152422 0.910696 0.494925 0.097668 0.543102 1
0.197640 0.533828 0.751241 0.157947 0.052520 0.443902 0
0.972477 0.108140 0.796357 0.000141 0.453066 0.602578 0
0.046057 0.820482 0.941036 0.467994 0.074581 0.983746 0
0.306557 0.568305 0.431708 0.819379 0.127160 0.700173 1
0.501247 0.156127 0.274992 0.205817 0.416775 0.859105 0
0.757743 0.522136 0.072006 0.915302 0.385501 0.829458 1
0.457116 0.646144 0.262723 0.869284 0.445581 0.007299 1
0.344401 0.255560 0.193097 0.872117 0.176442 0.271978 0
0.483747 0.435792 0.100402 0.117439 0.637081 0.331963 0
0.332645 0.823885 0.414258 0.164652 0.938326 0.618984 0
0.236612 0.143744 0.053401 0.690578 0.325945 0.491232 0
0.643702 0.053414 0.721547 0.731225 0.419725 0.462839 0
0.953570 0.525564 0.240471 0.186842 0.621453 0.677197 1
0.480147 0.338642 0.385243 0.592216 0.432819 0.068119 0
0.921412 0.833703 0.908760 0.932489 0.046500 0.574541 1
0.100414 0.560700 0.061098 0.160337 0.781957 0.823494 0
0.062883 0.205912 0.296397 0.704784 0.650552 0.432843 0
0.184352 0.015882 0.310617 0.656569 0.302372 0.147225 0
0.889488 0.783072 0.437732 0.805671 0.662366 0.885196 1
0.670805 0.792718 0.140394 0.376802 0.466349 0.477825 0
0.704659 0.536247 0.436163 0.002112 0.033383 0.421228 0
0.925225 0.281477 0.034971 0.110558 0.797844 0.516359 1
0.340801 0.285140 0.612095 0.052583 0.088087 0.528302 1
0.646724 0.645090 0.010658 0.630428 0.124701 0.987418 1
0.938853 0.295395 0.455555 0.826713 0.253857 0.525749 0
0.093327 0.235858 0.064652 0.471428 0.395569 0.098067 0
0.275436 0.266770 0.357426 0.577311 0.656218 0.397131 0
0.209033 0.449573 0.717780 0.936732 0.403813 0.957419 1
0.975720 0.382126 0.540344 0.072562 0.913399 0.446396 1
0.211886 0.408184 0.329336 0.332768 0.909453 0.123450 0
0.550848 0.584026 0.389045 0.841531 0.776715 0.092177 0
0.690205 0.017960 0.672215 0.889171 0.060644 0.851089 0
0.965920 0.306813 0.357359 0.342773 0.997536 0.806517 1
0.480202 0.486266 0.852060 0.658522 0.599171 0.419107 1
0.447964 0.421491 0.820799 0.822729 0.061904 0.318144 1
0.447690 0.884684 0.027015 0.018148 0.960687 0.430340 0
0.762445 0.995391 0.958273 0.376242 0.335148 0.073930 0
0.071900 0.734938 0.848194 0.229855 0.641583 0.452750 0
0.555603 0.537955 0.605592 0.579058 0.637427 0.004551 0
0.817196 0.582550 0.191980 0.598236 0.829360 0.566186 1
0.957933 0.864009 0.083507 0.704956 0.107054 0.766687 1
0.199858 0.322939 0.000546 0.064784 0.275741 0.849359 0
0.292161 0.267723 0.468458 0.250073 0.368850 0.979012 0
0.363191 0.674718 0.371025 0.282504 0.546444 0.751546 0
0.990832 0.576245 0.392621 0.379947 0.023915 0.664507 1
0.217651 0.121829 0.763265 0.199912 0.046968 0.644041 1
0.673377 0.232223 0.987236 0.016407 0.013642 0.065305 0
0.354499 0.764145 0.897269 0.536944 0.189140 0.043827 1
0.438799 0.721435 0.589444 0.335472 0.564116 0.594210 0
0.020064 0.127774 0.070642 0.583455 0.486347 0.758909 0
0.566699 0.759996 0.791276 0.044828 0.846743 0.832212 1
0.513172 0.181543 0.888608 0.818906 0.776396 0.311207 1
0.274435 0.111103 0.686748 0.972416 0.016605 0.297998 1
0.550506 0.690524 0.736008 0.121065 0.920100 0.204321 0
0.037874 0.344728 0.998364 0.375145 0.204007 0.680535 1
0.943866 0.794343 0.642502 0.172991 0.966284 0.009973 0
0.778443 0.437697 0.763698 0.283563 0.524890 0.714571 1
0.246936 0.569102 0.948899 0.675279 0.534337 0.382506 1
0.219190 0.140046 0.812878 0.907107 0.136611 0.924635 1
0.268206 0.915663 0.568061 0.269728 0.420440 0.836638 0
0.154284 0.186005 0.119128 0.569472 0.699971 0.535879 0
0.538603 0.642677 0.563342 0.066422 0.523432 0.112289 0
0.356782 0.428084 0.518532 0.289405 0.664450 0.531982 1
0.202257 0.377979 0.686502 0.069785 0.439678 0.688113 1
0.407528 0.757479 0.138340 0.588277 0.624584 0.355352 1
0.457097 0.561796 0.767731 0.169278 0.290370 0.533450 0
0.849706 0.622298 0.630506 0.741942 0.692252 0.624497 1
0.633897 0.684254 0.067038 0.476682 0.648226 0.156719 0
0.858221 0.141715 0.271296 0.626537 0.254324 0.886962 0
0.548502 0.178011 0.401198 0.695059 0.297758 0.365510 0
0.420625 0.815974 0.508194 0.713888 0.218434 0.208824 1
0.740404 0.975246 0.149999 0.189352 0.540264 0.743488 1
0.547235 0.947963 0.121066 0.075499 0.209552 0.804375 1
0.853463 0.238975 0.352574 0.785526 0.784763 0.155495 1
0.127787 0.151565 0.819414 0.107427 0.913836 0.175161 1
0.198389 0.441733 0.664253 0.856993 0.456443 0.510493 1
0.703103 0.142846 0.672638 0.845742 0.112704 0.316472 0
0.040159 0.556663 0.344421 0.482921 0.944673 0.477339 0
0.892630 0.954512 0.624330 0.586418 0.419581 0.914673 1
0.374566 0.702704 0.874721 0.442945 0.008281 0.185752 0
0.116351 0.479018 0.969774 0.389669 0.145306 0.614520 1
0.417219 0.293660 0.863049 0.272586 0.015839 0.377444 1
0.458335 0.651248 0.225969 0.169443 0.818538 0.648961 0
0.183676 0.547381 0.860895 0.378777 0.545525 0.284012 0
0.990794 0.342699 0.219904 0.945174 0.797168 0.744976 1
0.428161 0.889763 0.951919 0.342467 0.489246 0.319391 0
0.947904 0.858538 0.302287 0.171977 0.791538 0.271665 0
0.687900 0.781157 0.578932 0.223638 0.762802 0.751140 1
0.834926 0.019757 0.230413 0.459045 0.071336 0.368500 0
0.769988 0.854186 0.682873 0.049978 0.370019 0.126248 0
0.102106 0.673378 0.610836 0.403402 0.562012 0.503498 0
0.730332 0.595696 0.384218 0.860362 0.943093 0.868348 1
0.167775 0.276386 0.553704 0.674452 0.803053 0.431608 1
0.810598 0.253512 0.616544 0.010288 0.866185 0.762661 1
0.397818 0.454240 0.333033 0.093609 0.863199 0.330890 0
0.013075 0.395986 0.549951 0.548564 0.987211 0.972352 1
0.157527 0.944421 0.467127 0.221308 0.505565 0.797984 0
0.178722 0.214249 0.048987 0.184118 0.058257 0.703897 0
0.037413 0.477835 0.610611 0.624178 0.028112 0.998474 1
0.176432 0.765940 0.123575 0.962133 0.202325 0.540250 1
0.089484 0.743355 0.152374 0.080007 0.260914 0.245254 0
0.761592 0.228308 0.537963 0.073349 0.783842 0.974003 1
0.914749 0.688781 0.084807 0.121025 0.701044 0.985374 1
0.446017 0.010695 0.956252 0.313001 0.042977 0.216845 1
0.755138 0.663828 0.932160 0.196990 0.297294 0.917422 1
0.336908 0.162909 0.421277 0.391829 0.090580 0.293243 0
0.216924 0.775273 0.621575 0.480154 0.385071 0.618266 0
0.718823 0.003547 0.357040 0.488010 0.491334 0.557694 0
0.657182 0.912167 0.289025 0.588989 0.695744 0.842786 1
0.284923 0.918904 0.765756 0.643460 0.409218 0.675838 1
0.249861 0.388964 0.288543 0.372020 0.368869 0.890482 0
0.494952 0.675974 0.892917 0.139817 0.531504 0.067653 0
0.555423 0.723067 0.261672 0.096134 0.826416 0.495920 0
0.388328 0.971146 0.268541 0.876925 0.716445 0.482545 1
0.982492 0.805503 0.348746 0.580065 0.771993 0.589007 1
0.228216 0.252938 0.487428 0.700224 0.456482 0.462592 0
0.385669 0.773016 0.465269 0.026252 0.966678 0.879267 0
0.772687 0.033269 0.943535 0.686954 0.703419 0.318004 1
0.986371 0.971649 0.281931 0.788106 0.321823 0.234140 0
0.769619 0.737285 0.382048 0.550819 0.213793 0.368076 0
0.127743 0.611394 0.211482 0.871751 0.709085 0.997134 1
0.142788 0.719003 0.179886 0.804015 0.943407 0.384257 1
0.938023 0.508074 0.627768 0.834538 0.482734 0.631245 1
0.178170 0.220768 0.594934 0.304721 0.220662 0.784120 1
0.600465 0.545358 0.266929 0.453125 0.381789 0.483898 0
0.136587 0.671155 0.627245 0.720079 0.450670 0.432351 1
0.258173 0.150164 0.892938 0.356467 0.390374 0.044416 1
0.188483 0.742789 0.526178 0.572086 0.765510 0.416210 1
0.210257 0.912202 0.661615 0.875165 0.627639 0.289243 1
0.203690 0.056992 0.893359 0.098224 0.882537 0.213057 1
0.049098 0.554297 0.492220 0.707967 0.007698 0.663731 1
0.244288 0.010115 0.252712 0.701402 0.807277 0.133704 0
0.466305 0.919931 0.588027 0.053352 0.286261 0.423440 0
0.398057 0.432012 0.587240 0.654640 0.112544 0.724077 1
0.073130 0.835185 0.829256 0.971758 0.245557 0.818516 1
0.396696 0.856503 0.054000 0.876769 0.776543 0.094038 1
0.005504 0.071873 0.603139 0.172890 0.364662 0.433871 1
0.886203 0.786777 0.211239 0.649256 0.870697 0.426817 0
0.692291 0.417064 0.259490 0.305521 0.167540 0.520415 0
0.320632 0.739296 0.400683 0.333717 0.014931 0.534273 0
0.920930 0.528531 0.189145 0.534064 0.552249 0.482695 0
0.728684 0.122141 0.274016 0.246188 0.033338 0.658812 0
0.857358 0.270258 0.981604 0.365918 0.839505 0.740443 1
0.344036 0.825652 0.024153 0.184793 0.512191 0.968850 0
0.132892 0.136738 0.982892 0.703784 0.884585 0.400639 1
0.424418 0.628172 0.332177 0.221249 0.843301 0.683743 0
0.515096 0.137747 0.045721 0.165661 0.629158 0.889178 1
0.255875 0.857090 0.775951 0.619795 0.869348 0.371787 1
0.760832 0.166607 0.858352 0.464337 0.606333 0.448036 1
0.352175 0.685343 0.407820 0.415950 0.228621 0.025158 0
0.852088 0.410750 0.650851 0.354521 0.843598 0.072453 1
0.499856 0.882667 0.590667 0.180327 0.374195 0.444207 0
0.409941 0.652210 0.538345 0.739491 0.973023 0.081396 1
0.689234 0.079671 0.320189 0.241956 0.861942 0.555039 1
0.954537 0.002849 0.940530 0.963907 0.280838 0.182724 0
0.533316 0.993268 0.211439 0.751442 0.187862 0.532509 1
0.720987 0.899537 0.844951 0.799796 0.766388 0.466919 0
0.788501 0.310297 0.108510 0.689341 0.213976 0.687536 0
0.703609 0.150476 0.334616 0.230952 0.743031 0.479493 1
0.431707 0.591589 0.034542 0.252797 0.602989 0.185569 0
0.988842 0.594522 0.289237 0.972542 0.313808 0.389446 0
0.057319 0.601157 0.883694 0.905231 0.198609 0.182576 1
0.775272 0.838800 0.262836 0.647532 0.263131 0.885468 1
0.152342 0.825134 0.487243 0.484163 0.344647 0.201795 0
0.682423 0.790450 0.255424 0.617571 0.439742 0.817334 1
0.876673 0.127419 0.836385 0.825795 0.967572 0.528490 1
0.402298 0.137845 0.366545 0.191447 0.448105 0.424847 0
0.910927 0.650159 0.160835 0.582146 0.549446 0.677938 1
0.316757 0.471039 0.575571 0.468608 0.334717 0.526164 1
0.998340 0.413124 0.421989 0.162007 0.243240 0.062128 0
0.888491 0.805620 0.837771 0.337291 0.449917 0.173439 0
0.967887 0.282929 0.233746 0.569083 0.226114 0.216285 0
0.905740 0.192011 0.412271 0.221588 0.430091 0.122654 0
0.209175 0.244199 0.467023 0.444162 0.249795 0.360332 0
0.881737 0.832961 0.804677 0.315534 0.814367 0.859291 1
0.641833 0.666586 0.510717 0.604956 0.268827 0.694603 1
0.821638 0.240103 0.536629 0.269644 0.155742 0.994749 0
0.075901 0.714467 0.942971 0.847035 0.291313 0.950051 1
0.656968 0.855530 0.107620 0.234908 0.098469 0.405457 0
0.441222 0.921733 0.434970 0.411627 0.778324 0.365534 0
0.560540 0.173156 0.372194 0.914219 0.875124 0.027468 1
0.896222 0.084240 0.519530 0.921111 0.785689 0.938123 1
0.823213 0.801209 0.081762 0.532245 0.104176 0.143804 0
0.200437 0.669176 0.321227 0.320983 0.584253 0.656888 0
0.700397 0.098825 0.741257 0.592026 0.617568 0.003169 1
0.025703 0.708774 0.299518 0.211794 0.740743 0.659485 0
0.252729 0.862615 0.055869 0.211246 0.156292 0.373421 0
0.905562 0.778308 0.783347 0.046251 0.869310 0.384581 0
0.768551 0.228680 0.192435 0.943855 0.362564 0.666313 0
0.680371 0.312966 0.528072 0.403272 0.497490 0.897966 0
0.082743 0.644860 0.737389 0.777024 0.873690 0.973633 1
0.887876 0.574853 0.933548 0.014211 0.186688 0.586413 1
0.248562 0.544776 0.108176 0.855785 0.806045 0.902697 1
0.283796 0.476030 0.270299 0.448690 0.450978 0.989737 0
0.003563 0.790907 0.377418 0.595232 0.080591 0.574797 1
0.596548 0.744949 0.678519 0.166784 0.627056 0.306445 0
0.008063 0.725180 0.124528 0.068087 0.173392 0.841539 0
0.975172 0.388508 0.986106 0.010911 0.441412 0.144616 0
0.054476 0.290128 0.495578 0.671895 0.349319 0.943514 0
0.635033 0.787013 0.212889 0.945879 0.982207 0.959165 1
0.872901 0.309198 0.695497 0.287034 0.186527 0.912083 0
0.921013 0.248898 0.389755 0.313493 0.008734 0.034285 0
0.563599 0.726831 0.610252 0.542864 0.189896 0.527895 1
0.024086 0.092759 0.064683 0.385120 0.392823 0.791179 0
0.769039 0.543062 0.217231 0.374421 0.745545 0.742721 1
0.122018 0.728715 0.770925 0.414574 0.417404 0.309770 0
0.570453 0.944885 0.859840 0.015531 0.192579 0.282919 0
0.099452 0.213852 0.862072 0.641781 0.268502 0.848667 1
0.141455 0.805818 0.923757 0.491365 0.372574 0.808180 0
0.718372 0.316927 0.551412 0.142649 0.523314 0.769897 1
0.987781 0.146401 0.013114 0.840745 0.402300 0.334985 0
0.859464 0.456233 0.551309 0.355802 0.225832 0.648925 0
0.917810 0.673688 0.793083 0.571521 0.990839 0.501855 1
0.773699 0.980344 0.208897 0.259815 0.718686 0.691905 1
0.120906 0.593026 0.228492 0.930273 0.232754 0.504720 1
0.499700 0.070262 0.480773 0.771678 0.653528 0.650948 0
0.431605 0.368632 0.366138 0.402821 0.644095 0.851771 0
0.960105 0.950604 0.275625 0.066958 0.840928 0.540535 1
0.511024 0.073955 0.587119 0.118922 0.839806 0.583940 1
0.454402 0.111369 0.814727 0.178959 0.616098 0.016047 1
0.019259 0.822690 0.067280 0.798026 0.145384 0.744873 1
0.022079 0.258452 0.118818 0.533351 0.653506 0.809740 0
0.002616 0.212284 0.091947 0.385658 0.643021 0.911086 0
0.380844 0.653554 0.170289 0.827618 0.740552 0.821466 1
0.345909 0.413978 0.171193 0.677748 0.560628 0.234854 0
0.268169 0.070109 0.396543 0.831069 0.044230 0.957900 0
0.475745 0.369563 0.122379 0.227492 0.425431 0.227737 0
0.134401 0.137177 0.410034 0.785814 0.157140 0.738128 0
0.286901 0.762074 0.864564 0.236723 0.007838 0.054304 0
0.841815 0.664927 0.456896 0.841270 0.429811 0.057820 0
0.687830 0.341360 0.870696 0.634702 0.174788 0.817732 0
0.130633 0.892172 0.726831 0.081004 0.667109 0.203791 0
0.357114 0.357871 0.130851 0.404553 0.557309 0.824421 0
0.943354 0.929670 0.948466 0.361523 0.256114 0.601192 1
0.935133 0.073811 0.759189 0.757451 0.860948 0.582559 1
0.662726 0.189607 0.947560 0.446804 0.519963 0.327974 1
0.612341 0.889930 0.134933 0.207841 0.253546 0.149797 0
0.877806 0.200494 0.866542 0.585215 0.744494 0.869056 1
0.204341 0.433606 0.785461 0.412927 0.565264 0.260296 1
0.436911 0.292621 0.341194 0.249870 0.630007 0.307038 0
0.666955 0.946009 0.054169 0.557746 0.928405 0.788875 1
0.590023 0.936916 0.879487 0.809316 0.721291 0.939259 1
0.017668 0.974230 0.760642 0.904541 0.242296 0.511786 1
0.896486 0.106832 0.962613 0.980629 0.341911 0.694263 0
0.508621 0.545561 0.864009 0.416696 0.239959 0.651847 1
0.229335 0.338903 0.438022 0.448769 0.451718 0.684243 0
0.312949 0.777184 0.902854 0.862869 0.438308 0.377253 1
0.549326 0.075956 0.568772 0.976407 0.031319 0.960753 0
0.017112 0.111264 0.438119 0.059530 0.445817 0.140579 0
0.572831 0.579655 0.673902 0.166902 0.643383 0.620092 1
0.945605 0.576728 0.027221 0.096031 0.978334 0.661199 1
0.674656 0.656287 0.647870 0.755499 0.325652 0.200588 0
0.398843 0.740277 0.728810 0.895318 0.651869 0.842350 1
0.471426 0.807856 0.071537 0.460349 0.369578 0.371553 0
0.348016 0.746541 0.049337 0.495799 0.149797 0.914819 0
0.243626 0.862602 0.209361 0.514761 0.743097 0.932154 1
0.476858 0.709623 0.946491 0.600731 0.074751 0.538223 1
0.051925 0.875292 0.165379 0.728052 0.202335 0.402641 1
0.302463 0.812048 0.175128 0.443362 0.883268 0.271927 0
0.562360 0.322900 0.743534 0.310356 0.678967 0.502120 1
0.296148 0.725759 0.840877 0.822304 0.843573 0.489216 1
0.780473 0.909400 0.727000 0.568163 0.932747 0.267552 0
0.055080 0.894524 0.194979 0.014477 0.694911 0.146659 0
0.842700 0.082288 0.996829 0.580228 0.665909 0.769387 1
0.877816 0.259958 0.813680 0.809259 0.044597 0.633348 0
0.711330 0.624549 0.228086 0.802962 0.132891 0.892145 1
0.573560 0.424629 0.046976 0.734816 0.762490 0.565336 1
0.646106 0.270965 0.005977 0.458631 0.476486 0.230185 0
0.611280 0.864574 0.523781 0.192678 0.906885 0.604074 1
0.902606 0.231757 0.292374 0.278387 0.612467 0.715970 1
0.371885 0.582924 0.472235 0.728983 0.673020 0.277148 1
0.944822 0.540864 0.338597 0.847559 0.056386 0.319780 0
0.575543 0.397209 0.908741 0.796315 0.411470 0.732471 0
0.205666 0.094587 0.129709 0.812703 0.162227 0.990458 0
0.415829 0.687886 0.110357 0.160460 0.260082 0.350047 0
0.284563 0.152661 0.915590 0.948771 0.768331 0.757822 1
0.514677 0.091350 0.851334 0.947248 0.030671 0.308479 0
0.451575 0.659336 0.209917 0.221404 0.174129 0.166685 0
0.540630 0.089690 0.207522 0.685363 0.455222 0.186955 0
0.825837 0.970436 0.204514 0.370519 0.272926 0.315874 0
0.574612 0.505282 0.824445 0.909446 0.059447 0.251109 0
0.265162 0.888329 0.410169 0.950567 0.702435 0.304173 1
0.294685 0.629644 0.214756 0.426104 0.734044 0.649077 0
0.852060 0.913367 0.694661 0.287543 0.630679 0.648722 1
0.662782 0.509974 0.791767 0.343469 0.171540 0.001404 0
0.611937 0.255975 0.786470 0.597095 0.433157 0.720543 0
0.205078 0.192997 0.934187 0.926746 0.568097 0.496786 1
0.631701 0.327673 0.483421 0.743122 0.778904 0.110571 1
0.977372 0.189057 0.633268 0.457718 0.335328 0.064185 0
0.834050 0.113657 0.591305 0.645566 0.537206 0.687975 1
0.936283 0.195847 0.034543 0.054557 0.441196 0.626287 0
0.916571 0.586330 0.229160 0.078755 0.540531 0.579914 1
0.029127 0.244881 0.640542 0.338503 0.154222 0.544465 1
0.583445 0.136244 0.820899 0.002710 0.848753 0.193519 1
0.762715 0.999426 0.192260 0.308822 0.752487 0.106874 0
0.464034 0.051331 0.753669 0.622821 0.663524 0.457051 1
0.069519 0.851088 0.416298 0.644405 0.618915 0.648860 1
0.040448 0.288378 0.415354 0.950025 0.558482 0.661323 0
0.800624 0.503425 0.382415 0.191182 0.799115 0.646829 1
0.338237 0.469462 0.546341 0.496655 0.241829 0.979234 1
0.331019 0.758917 0.001465 0.731628 0.892672 0.275725 1
0.370800 0.610523 0.042576 0.483970 0.297810 0.070565 0
0.745928 0.651728 0.186706 0.099289 0.514834 0.431290 0
0.477886 0.584538 0.257085 0.426350 0.010545 0.921020 0
0.297189 0.725314 0.522733 0.544806 0.312948 0.824457 1
0.689804 0.200804 0.511101 0.184282 0.110029 0.693341 0
0.761896 0.255304 0.247173 0.171082 0.932205 0.863686 1
0.028636 0.645834 0.386729 0.033215 0.172494 0.558639 0
0.989091 0.659689 0.102310 0.978714 0.639490 0.411298 0
0.077809 0.694566 0.638309 0.120871 0.997164 0.972034 0
0.399217 0.211239 0.687401 0.061876 0.467296 0.395471 1
0.173048 0.263406 0.428215 0.684043 0.871778 0.646870 0
0.274792 0.223507 0.529165 0.897425 0.770842 0.940428 1
0.848277 0.842068 0.765998 0.269040 0.832805 0.197692 0
0.686361 0.035214 0.765702 0.398226 0.598062 0.696344 1
0.862698 0.427236 0.257323 0.798768 0.770053 0.837414 1
0.480789 0.713823 0.387290 0.799957 0.106130 0.995372 1
0.903873 0.251996 0.139292 0.837838 0.385536 0.680608 0
0.194664 0.697787 0.085585 0.450671 0.519816 0.074550 0
0.225322 0.673666 0.811524 0.509825 0.386679 0.190008 1
0.404652 0.452806 0.412794 0.905386 0.836213 0.068845 0
0.066823 0.695312 0.324331 0.525436 0.672493 0.998791 1
0.119743 0.840654 0.848495 0.738927 0.949071 0.537290 1
0.580822 0.121271 0.712104 0.311591 0.449998 0.261844 0
0.928596 0.122356 0.713066 0.894967 0.726519 0.504585 1
0.235048 0.220047 0.203048 0.574310 0.053488 0.827976 0
0.727256 0.460013 0.770323 0.665748 0.157785 0.445064 0
0.966577 0.641942 0.999497 0.142505 0.593910 0.617732 1
0.781120 0.009501 0.825019 0.490813 0.245748 0.768859 0
0.276265 0.118943 0.329039 0.483267 0.179624 0.087130 0
0.809252 0.312865 0.738428 0.056445 0.468178 0.873709 0
0.800302 0.679995 0.628440 0.875960 0.968122 0.983786 1
0.231583 0.623545 0.465363 0.148026 0.457214 0.368762 0
0.376529 0.869349 0.511466 0.081001 0.769169 0.902827 0
0.309803 0.715571 0.019672 0.757482 0.435905 0.142394 1
0.812578 0.590493 0.431306 0.227343 0.743772 0.776330 1
0.872554 0.626982 0.333795 0.604031 0.695966 0.644123 1
0.912158 0.889350 0.399742 0.416759 0.933671 0.549188 1
0.525840 0.727552 0.127982 0.145668 0.988736 0.517805 1
0.721516 0.113849 0.537768 0.914178 0.353413 0.148692 0
0.605708 0.100276 0.473436 0.920987 0.061790 0.084265 0
0.925003 0.242506 0.365033 0.239792 0.747741 0.533001 1
0.818702 0.945010 0.023726 0.482250 0.506986 0.174949 0
0.927521 0.627683 0.319713 0.435899 0.847283 0.071558 0
0.194053 0.200509 0.674620 0.049366 0.581426 0.506671 1
0.119883 0.596156 0.190279 0.067012 0.830656 0.300695 0
0.139357 0.486185 0.203549 0.680113 0.928712 0.063689 0
0.943429 0.413595 0.658529 0.014874 0.470805 0.439278 0
0.449138 0.289011 0.484245 0.311470 0.842167 0.670652 0
0.716970 0.432819 0.768627 0.352562 0.576253 0.921918 1
0.137716 0.958504 0.483331 0.177041 0.844435 0.855334 0
0.439791 0.440292 0.423784 0.990611 0.878045 0.344989 0
0.701021 0.380746 0.807473 0.896228 0.824896 0.329133 1
0.075602 0.679095 0.387677 0.902369 0.890164 0.655431 1
0.511934 0.255534 0.408349 0.418124 0.661269 0.107887 1
0.076651 0.012945 0.790788 0.665634 0.908819 0.915480 1
0.367147 0.397447 0.180990 0.647506 0.845929 0.320545 0
0.620366 0.726684 0.521471 0.829628 0.661095 0.651662 1
0.948109 0.038061 0.876808 0.960986 0.705190 0.751928 1
0.455945 0.211430 0.870972 0.767666 0.037326 0.609599 1
0.306535 0.507781 0.085871 0.004121 0.149672 0.084257 0
0.663256 0.028722 0.371950 0.726173 0.193625 0.247732 0
0.248302 0.974696 0.376335 0.630233 0.237782 0.223812 1
0.755850 0.889596 0.033864 0.329459 0.078984 0.054359 0
0.650711 0.268301 0.687784 0.843979 0.371176 0.305880 0
0.461616 0.701711 0.951105 0.808129 0.086718 0.794633 1
0.654547 0.631497 0.007821 0.626173 0.075276 0.851433 1
0.087709 0.427463 0.169204 0.249931 0.226007 0.832362 0
0.674019 0.074967 0.089192 0.095503 0.205060 0.547611 0
0.228842 0.467315 0.104654 0.378785 0.645135 0.248543 0
0.369155 0.672316 0.821502 0.416927 0.738189 0.531149 0
0.953393 0.848231 0.323206 0.223402 0.085496 0.444467 0
0.237093 0.126482 0.879924 0.450959 0.448255 0.933494 1
0.131399 0.894689 0.222426 0.072838 0.112034 0.123548 0
0.457614 0.331908 0.096454 0.704232 0.400703 0.144410 0
0.587167 0.159905 0.485078 0.897840 0.616175 0.487382 1
0.705773 0.147436 0.929309 0.610514 0.872573 0.760458 1
0.297941 0.300308 0.627422 0.675316 0.383282 0.051546 1
0.036243 0.770370 0.309871 0.131206 0.329268 0.764814 0
0.315749 0.472005 0.876099 0.886282 0.652283 0.632347 1
0.859782 0.851308 0.930901 0.111683 0.343236 0.336429 0
0.317720 0.360779 0.124160 0.620835 0.620378 0.765927 0
0.169371 0.879590 0.149892 0.977226 0.893503 0.664013 1
0.233433 0.090519 0.794305 0.667268 0.457150 0.666976 1
0.057347 0.194584 0.047073 0.836976 0.868459 0.663886 0
0.897692 0.106612 0.442710 0.073258 0.916270 0.573067 1
0.529038 0.973742 0.355780 0.231426 0.517590 0.302676 0
0.795964 0.623444 0.411018 0.858754 0.422228 0.799323 1
0.388597 0.914924 0.838301 0.109762 0.800043 0.486009 0
0.148627 0.778653 0.492236 0.284839 0.360084 0.406040 0
0.780165 0.233785 0.361358 0.392242 0.756016 0.067812 1
0.562718 0.333782 0.416075 0.094866 0.850160 0.084654 1
0.370708 0.275399 0.957638 0.241466 0.488055 0.117574 1
0.478826 0.456746 0.111248 0.396066 0.756501 0.926358 0
0.177858 0.523916 0.820606 0.574507 0.668244 0.838035 1
0.351715 0.811769 0.337976 0.622909 0.718641 0.806662 1
0.580411 0.439559 0.250049 0.075555 0.004918 0.689455 0
0.524387 0.541571 0.748945 0.024059 0.764162 0.707523 1
0.351144 0.253097 0.430440 0.110477 0.332214 0.227882 0
0.413194 0.024659 0.091788 0.945927 0.058075 0.317106 0
0.763939 0.483665 0.233520 0.088801 0.925078 0.472426 1
0.370445 0.877040 0.340590 0.004043 0.363026 0.098783 0