0.633897 0.684254 0.067038 0.476682 0.648226 0.156719 0
0.858221 0.141715 0.271296 0.626537 0.254324 0.886962 0
0.548502 0.178011 0.401198 0.695059 0.297758 0.365510 0
0.358067 0.404846 0.769076 0.675029 0.966631 0.756208 1
0.932593 0.195260 0.946926 0.189553 0.387946 0.547513 0
0.297078 0.540840 0.779163 0.441481 0.625970 0.232405 0
0.252754 0.472177 0.164684 0.299245 0.715506 0.041766 0
0.305138 0.331106 0.536958 0.513928 0.739966 0.501193 1
0.174050 0.453458 0.690416 0.416256 0.722751 0.838074 1
0.420625 0.815974 0.508194 0.713888 0.218434 0.208824 1
0.272103 0.991536 0.841168 0.441013 0.045064 0.321712 0
0.977039 0.931025 0.853360 0.750279 0.302703 0.311990 0
0.740404 0.975246 0.149999 0.189352 0.540264 0.743488 1
0.397480 0.654377 0.197396 0.837776 0.121921 0.623560 1
0.756865 0.831475 0.029306 0.018445 0.962979 0.477466 0
0.834513 0.163696 0.618006 0.846984 0.369171 0.784877 0
0.547235 0.947963 0.121066 0.075499 0.209552 0.804375 1
0.994176 0.815662 0.436823 0.701243 0.469678 0.422221 0
0.853463 0.238975 0.352574 0.785526 0.784763 0.155495 1
0.127787 0.151565 0.819414 0.107427 0.913836 0.175161 1
0.338444 0.690503 0.138527 0.939510 0.680183 0.496660 1
0.086337 0.869448 0.096733 0.687099 0.519035 0.227312 1
0.036597 0.291928 0.438531 0.301509 0.329155 0.432434 0
0.595011 0.893252 0.114813 0.998694 0.501181 0.558791 1
0.820211 0.683749 0.719792 0.272298 0.916585 0.428858 0
0.859729 0.565454 0.552795 0.885041 0.767037 0.682327 1
0.885881 0.301601 0.705704 0.388555 0.250433 0.263000 0
0.121509 0.241970 0.023679 0.229626 0.447510 0.974181 0
0.834322 0.144299 0.746487 0.943822 0.161766 0.373838 0
0.198389 0.441733 0.664253 0.856993 0.456443 0.510493 1
0.126777 0.670804 0.477090 0.690517 0.680172 0.166371 1
0.703103 0.142846 0.672638 0.845742 0.112704 0.316472 0
0.827309 0.086560 0.747902 0.969969 0.237561 0.980215 0
0.691599 0.263038 0.484152 0.262357 0.937691 0.923124 1
0.040159 0.556663 0.344421 0.482921 0.944673 0.477339 0
0.827840 0.941340 0.744596 0.646897 0.089419 0.809440 1
0.789563 0.923750 0.534146 0.624425 0.906054 0.618368 1
0.251992 0.806100 0.808876 0.636105 0.352693 0.179377 1
0.766062 0.283058 0.990999 0.272233 0.066123 0.200345 0
0.892630 0.954512 0.624330 0.586418 0.419581 0.914673 1
0.729035 0.193288 0.533117 0.978136 0.266931 0.657198 0
0.374566 0.702704 0.874721 0.442945 0.008281 0.185752 0
0.346860 0.248748 0.457012 0.386901 0.972030 0.340898 0
0.116351 0.479018 0.969774 0.389669 0.145306 0.614520 1
0.417219 0.293660 0.863049 0.272586 0.015839 0.377444 1
0.905338 0.649623 0.192380 0.103578 0.543826 0.044578 0
0.458335 0.651248 0.225969 0.169443 0.818538 0.648961 0
0.183676 0.547381 0.860895 0.378777 0.545525 0.284012 0
0.990794 0.342699 0.219904 0.945174 0.797168 0.744976 1
0.489248 0.240546 0.974330 0.705728 0.343917 0.242209 1
0.428161 0.889763 0.951919 0.342467 0.489246 0.319391 0
0.034288 0.520056 0.498770 0.049698 0.564533 0.920817 0
0.582428 0.310413 0.618395 0.151439 0.641854 0.120760 1
0.054518 0.957778 0.938228 0.966322 0.865798 0.045512 1
0.299830 0.829816 0.824303 0.946451 0.798392 0.031858 1
0.947904 0.858538 0.302287 0.171977 0.791538 0.271665 0
0.869072 0.018144 0.223854 0.865697 0.761226 0.852468 1
0.687900 0.781157 0.578932 0.223638 0.762802 0.751140 1
0.834926 0.019757 0.230413 0.459045 0.071336 0.368500 0
0.355314 0.640345 0.517803 0.809309 0.924186 0.660925 1
0.196198 0.794802 0.658001 0.972782 0.623838 0.847525 1
0.490803 0.120997 0.892983 0.867039 0.124091 0.337208 1
0.631539 0.700592 0.188087 0.953317 0.301505 0.590854 1
0.448907 0.973444 0.914806 0.976323 0.194433 0.171783 1
0.188690 0.359498 0.056921 0.367879 0.450911 0.236696 0
0.769988 0.854186 0.682873 0.049978 0.370019 0.126248 0
0.497634 0.303543 0.828009 0.593724 0.182566 0.969733 1
0.102106 0.673378 0.610836 0.403402 0.562012 0.503498 0
0.830768 0.726629 0.912739 0.824888 0.477893 0.617833 1
0.730332 0.595696 0.384218 0.860362 0.943093 0.868348 1
0.979892 0.700521 0.491903 0.144990 0.835438 0.816925 1
0.361474 0.738917 0.773191 0.187977 0.152955 0.351824 0
0.129346 0.680468 0.241330 0.965949 0.146067 0.616736 1
0.623659 0.833991 0.123204 0.021091 0.369679 0.084654 0
0.281980 0.636440 0.433565 0.231362 0.942083 0.093899 0
0.639555 0.069665 0.365747 0.971499 0.281050 0.171249 0
0.167775 0.276386 0.553704 0.674452 0.803053 0.431608 1
0.899391 0.917437 0.262383 0.622898 0.543161 0.222657 0
0.217451 0.172239 0.365534 0.132590 0.484770 0.114744 0
0.810598 0.253512 0.616544 0.010288 0.866185 0.762661 1
0.397818 0.454240 0.333033 0.093609 0.863199 0.330890 0
0.159519 0.555943 0.913095 0.455355 0.268922 0.022955 0
0.013075 0.395986 0.549951 0.548564 0.987211 0.972352 1
0.822312 0.035178 0.930496 0.783285 0.093072 0.656799 0
0.428207 0.710321 0.581295 0.517708 0.006071 0.034929 1
0.157527 0.944421 0.467127 0.221308 0.505565 0.797984 0
0.178722 0.214249 0.048987 0.184118 0.058257 0.703897 0
0.037413 0.477835 0.610611 0.624178 0.028112 0.998474 1
0.176432 0.765940 0.123575 0.962133 0.202325 0.540250 1
0.089484 0.743355 0.152374 0.080007 0.260914 0.245254 0
0.761592 0.228308 0.537963 0.073349 0.783842 0.974003 1
0.923881 0.998059 0.482407 0.212256 0.619692 0.409114 0
0.732846 0.002257 0.107316 0.335125 0.124490 0.267871 0
0.985745 0.392911 0.417779 0.241706 0.470300 0.454554 0
0.225094 0.880440 0.560201 0.405159 0.275040 0.660759 0
0.506602 0.607342 0.556637 0.502233 0.510044 0.713064 1
0.914749 0.688781 0.084807 0.121025 0.701044 0.985374 1
0.282637 0.836306 0.369171 0.875006 0.013068 0.349410 1
0.352895 0.091556 0.892969 0.078609 0.528157 0.046293 1
0.983087 0.979234 0.690942 0.308248 0.368786 0.455924 0
0.038783 0.253516 0.129260 0.168154 0.806364 0.347067 0
0.446017 0.010695 0.956252 0.313001 0.042977 0.216845 1
0.504180 0.503349 0.317023 0.147253 0.975310 0.302835 0
0.755138 0.663828 0.932160 0.196990 0.297294 0.917422 1
0.336908 0.162909 0.421277 0.391829 0.090580 0.293243 0
0.216924 0.775273 0.621575 0.480154 0.385071 0.618266 0
0.718823 0.003547 0.357040 0.488010 0.491334 0.557694 0
0.066763 0.430156 0.396398 0.330696 0.438875 0.004254 0
0.823204 0.565451 0.203838 0.070185 0.540561 0.658611 1
0.657182 0.912167 0.289025 0.588989 0.695744 0.842786 1
0.777274 0.285989 0.323436 0.844893 0.190927 0.345753 0
0.303624 0.495592 0.891530 0.045029 0.872106 0.621996 1
0.245884 0.316686 0.978765 0.976016 0.468963 0.511692 1
0.872445 0.337592 0.172493 0.430279 0.180828 0.219233 0
0.284923 0.918904 0.765756 0.643460 0.409218 0.675838 1
0.438172 0.080842 0.056166 0.054024 0.091820 0.225691 0
0.249861 0.388964 0.288543 0.372020 0.368869 0.890482 0
0.617055 0.041607 0.521804 0.831516 0.181890 0.885917 0
0.494952 0.675974 0.892917 0.139817 0.531504 0.067653 0
0.555423 0.723067 0.261672 0.096134 0.826416 0.495920 0
0.250074 0.175179 0.978663 0.619357 0.480696 0.032322 1
0.770259 0.197827 0.557916 0.637926 0.821293 0.486602 1
0.385800 0.250292 0.692108 0.289199 0.938656 0.566521 1
0.834007 0.314188 0.216823 0.670164 0.385471 0.715124 0
0.308097 0.906006 0.238092 0.436878 0.760773 0.177836 0
0.192980 0.951432 0.555089 0.780934 0.921578 0.045485 1
0.040858 0.820544 0.106798 0.988417 0.342475 0.358283 1
0.436606 0.322542 0.601861 0.052178 0.200267 0.080380 1
0.388328 0.971146 0.268541 0.876925 0.716445 0.482545 1
0.770157 0.613106 0.664866 0.905487 0.926672 0.857486 1
0.298932 0.879515 0.503715 0.121452 0.655476 0.606470 0
0.963679 0.185486 0.421212 0.891149 0.237863 0.941524 0
0.906678 0.348113 0.080968 0.213367 0.506531 0.284645 1
0.565337 0.305058 0.186843 0.850521 0.566786 0.836938 1
0.982492 0.805503 0.348746 0.580065 0.771993 0.589007 1
0.081972 0.003309 0.256924 0.823705 0.029624 0.999368 0
0.898825 0.252614 0.489692 0.108500 0.481059 0.533760 0
0.809126 0.132076 0.613970 0.213765 0.416804 0.974151 0
0.289631 0.837236 0.715664 0.796171 0.262645 0.904758 1
0.672892 0.767240 0.307472 0.766498 0.108764 0.015316 0
0.228216 0.252938 0.487428 0.700224 0.456482 0.462592 0
0.576173 0.699573 0.186635 0.080294 0.543068 0.507601 1
0.933413 0.710368 0.826341 0.225928 0.445910 0.998179 1
0.963730 0.455874 0.648941 0.938306 0.185347 0.020540 0
0.603800 0.896058 0.562394 0.392279 0.843838 0.594028 1
0.591148 0.739709 0.562242 0.444792 0.583260 0.834851 1
0.385669 0.773016 0.465269 0.026252 0.966678 0.879267 0
0.241582 0.622319 0.135483 0.608085 0.401487 0.961148 1
0.772687 0.033269 0.943535 0.686954 0.703419 0.318004 1
0.307718 0.461104 0.251825 0.565329 0.217127 0.809017 0
0.630171 0.124148 0.311644 0.998138 0.048952 0.567400 0
0.634334 0.173908 0.754344 0.240432 0.149274 0.746319 0
0.986371 0.971649 0.281931 0.788106 0.321823 0.234140 0
0.261413 0.219513 0.389079 0.902680 0.183261 0.224152 0
0.769619 0.737285 0.382048 0.550819 0.213793 0.368076 0
0.636188 0.651936 0.075115 0.275688 0.948722 0.375353 0
0.127743 0.611394 0.211482 0.871751 0.709085 0.997134 1
0.705967 0.611788 0.958320 0.769641 0.534259 0.600537 1
0.529885 0.171053 0.992970 0.965495 0.758050 0.887445 1
0.401322 0.044063 0.278779 0.136418 0.346952 0.081654 0
0.142788 0.719003 0.179886 0.804015 0.943407 0.384257 1
0.938023 0.508074 0.627768 0.834538 0.482734 0.631245 1
0.468160 0.021226 0.640468 0.958718 0.516663 0.682205 1
0.178170 0.220768 0.594934 0.304721 0.220662 0.784120 1
0.980962 0.661909 0.722568 0.782978 0.503278 0.132813 0
0.633455 0.802565 0.819396 0.246358 0.809271 0.962947 1
0.600465 0.545358 0.266929 0.453125 0.381789 0.483898 0
0.136587 0.671155 0.627245 0.720079 0.450670 0.432351 1
0.258173 0.150164 0.892938 0.356467 0.390374 0.044416 1
0.344234 0.068275 0.211624 0.309570 0.480859 0.073640 0
0.188483 0.742789 0.526178 0.572086 0.765510 0.416210 1
0.210257 0.912202 0.661615 0.875165 0.627639 0.289243 1
0.317893 0.932623 0.361791 0.474192 0.767517 0.057774 0
0.791652 0.637885 0.126560 0.137565 0.264257 0.368696 0
0.522205 0.771827 0.511737 0.064149 0.768343 0.951034 1
0.203690 0.056992 0.893359 0.098224 0.882537 0.213057 1
0.070404 0.484280 0.284723 0.551214 0.912500 0.937368 0
0.049098 0.554297 0.492220 0.707967 0.007698 0.663731 1
0.759231 0.020700 0.474394 0.669048 0.051029 0.132674 0
0.467134 0.828529 0.820799 0.710574 0.613972 0.352536 1
0.244288 0.010115 0.252712 0.701402 0.807277 0.133704 0
0.466305 0.919931 0.588027 0.053352 0.286261 0.423440 0
0.398057 0.432012 0.587240 0.654640 0.112544 0.724077 1
0.106076 0.589507 0.240187 0.429341 0.738360 0.516520 0
0.249861 0.619479 0.930091 0.962862 0.417682 0.121034 1
0.097468 0.410599 0.753600 0.213049 0.268985 0.588946 1
0.073130 0.835185 0.829256 0.971758 0.245557 0.818516 1
0.063572 0.016359 0.730039 0.513238 0.073615 0.928200 1
0.913398 0.526479 0.119592 0.837352 0.307912 0.542891 1
0.660654 0.086167 0.158354 0.970946 0.989568 0.861192 1
0.656633 0.845714 0.282820 0.365186 0.282519 0.820666 1
0.841595 0.117227 0.707812 0.163376 0.821125 0.781194 1
0.409562 0.011986 0.229129 0.806259 0.284174 0.910587 0
0.846823 0.103365 0.360707 0.682770 0.527070 0.483110 1
0.793652 0.375633 0.888133 0.882417 0.768800 0.360256 1
0.320035 0.135089 0.167713 0.381520 0.043518 0.233528 0
0.263842 0.269781 0.011508 0.234114 0.412919 0.729262 0
0.355235 0.710367 0.267558 0.216615 0.996496 0.189044 0
0.669491 0.825622 0.486834 0.070513 0.563847 0.163243 0
0.665854 0.190477 0.790174 0.413740 0.842924 0.226580 1
0.819522 0.425964 0.433033 0.484501 0.486228 0.707131 0
0.513447 0.584783 0.289796 0.014816 0.667305 0.636247 1
0.949165 0.090670 0.665989 0.573384 0.015486 0.542271 0
0.924343 0.683813 0.534704 0.761577 0.782467 0.616817 1
0.641891 0.524197 0.237750 0.338151 0.357975 0.478196 0
0.319111 0.642552 0.748635 0.608241 0.805821 0.103804 1
0.396696 0.856503 0.054000 0.876769 0.776543 0.094038 1
0.117650 0.142332 0.918761 0.779703 0.444064 0.308655 1
0.735161 0.473634 0.960539 0.568582 0.987613 0.788126 1
0.005504 0.071873 0.603139 0.172890 0.364662 0.433871 1
0.738017 0.878920 0.250197 0.731019 0.645276 0.883800 1
0.886203 0.786777 0.211239 0.649256 0.870697 0.426817 0
0.591393 0.005856 0.533850 0.911477 0.439594 0.490062 0
0.692291 0.417064 0.259490 0.305521 0.167540 0.520415 0
0.555904 0.718606 0.169877 0.880434 0.755889 0.690994 1
0.825771 0.831163 0.663805 0.565255 0.988602 0.875444 1
0.970436 0.205830 0.046931 0.433020 0.102003 0.201376 0
0.241744 0.940683 0.098093 0.212391 0.562895 0.608291 0
0.320632 0.739296 0.400683 0.333717 0.014931 0.534273 0
0.698492 0.937631 0.994439 0.685614 0.101867 0.070811 0
0.920930 0.528531 0.189145 0.534064 0.552249 0.482695 0
0.728684 0.122141 0.274016 0.246188 0.033338 0.658812 0
0.857358 0.270258 0.981604 0.365918 0.839505 0.740443 1
0.036502 0.071029 0.741816 0.904091 0.073547 0.354735 1
0.257536 0.902799 0.771808 0.700099 0.360921 0.738994 1
0.217266 0.046374 0.130409 0.943765 0.664200 0.432711 0
0.344036 0.825652 0.024153 0.184793 0.512191 0.968850 0
0.222274 0.279894 0.629948 0.709455 0.325630 0.179926 1
0.132892 0.136738 0.982892 0.703784 0.884585 0.400639 1
0.424418 0.628172 0.332177 0.221249 0.843301 0.683743 0
0.972426 0.275190 0.103636 0.808473 0.425325 0.611880 0
0.515096 0.137747 0.045721 0.165661 0.629158 0.889178 1
0.255875 0.857090 0.775951 0.619795 0.869348 0.371787 1
0.760832 0.166607 0.858352 0.464337 0.606333 0.448036 1
0.444352 0.122059 0.271534 0.090444 0.316645 0.522896 0
0.352175 0.685343 0.407820 0.415950 0.228621 0.025158 0
0.177425 0.736212 0.719848 0.836985 0.099447 0.729155 1
0.852088 0.410750 0.650851 0.354521 0.843598 0.072453 1
0.499856 0.882667 0.590667 0.180327 0.374195 0.444207 0
0.501955 0.466471 0.608626 0.242255 0.053003 0.866986 0
0.409941 0.652210 0.538345 0.739491 0.973023 0.081396 1
0.735674 0.678982 0.510746 0.446042 0.905225 0.271169 0
0.453821 0.213114 0.357975 0.614412 0.997504 0.540434 0
0.161949 0.090506 0.061695 0.507999 0.862456 0.203743 0
0.278091 0.236432 0.634243 0.684978 0.357423 0.264281 1
0.961514 0.869132 0.619165 0.634572 0.845696 0.460254 0
0.689234 0.079671 0.320189 0.241956 0.861942 0.555039 1
0.954537 0.002849 0.940530 0.963907 0.280838 0.182724 0
0.533316 0.993268 0.211439 0.751442 0.187862 0.532509 1
0.013892 0.342868 0.354144 0.934782 0.803233 0.251258 0
0.255499 0.355972 0.733230 0.931841 0.923471 0.908809 1
0.720987 0.899537 0.844951 0.799796 0.766388 0.466919 0
0.788501 0.310297 0.108510 0.689341 0.213976 0.687536 0
0.703609 0.150476 0.334616 0.230952 0.743031 0.479493 1
0.287471 0.680673 0.725540 0.421374 0.747279 0.376618 0
0.820088 0.896256 0.381139 0.077730 0.607962 0.863294 1
0.431707 0.591589 0.034542 0.252797 0.602989 0.185569 0
0.889221 0.744121 0.335393 0.680108 0.811344 0.490971 0
0.988842 0.594522 0.289237 0.972542 0.313808 0.389446 0
0.555252 0.892877 0.906006 0.164762 0.755275 0.452588 0
0.675631 0.491980 0.612917 0.470232 0.235854 0.820672 0
0.057319 0.601157 0.883694 0.905231 0.198609 0.182576 1
0.701079 0.683899 0.570807 0.390614 0.116645 0.105828 0
0.775272 0.838800 0.262836 0.647532 0.263131 0.885468 1
0.256889 0.266341 0.732906 0.263338 0.664326 0.917397 1
0.415785 0.403571 0.543844 0.550497 0.880947 0.162498 1
0.389542 0.432905 0.594315 0.447422 0.102417 0.441246 1
0.938333 0.321860 0.555532 0.425317 0.626581 0.182109 1
0.038999 0.216220 0.056244 0.074454 0.315596 0.261834 0
0.152342 0.825134 0.487243 0.484163 0.344647 0.201795 0
0.682423 0.790450 0.255424 0.617571 0.439742 0.817334 1
0.876673 0.127419 0.836385 0.825795 0.967572 0.528490 1
0.011007 0.475756 0.570391 0.158775 0.872904 0.413876 1
0.801499 0.790387 0.375284 0.816197 0.300825 0.680759 1
0.402298 0.137845 0.366545 0.191447 0.448105 0.424847 0
0.094944 0.055779 0.236800 0.677498 0.760001 0.307730 0
0.910927 0.650159 0.160835 0.582146 0.549446 0.677938 1
0.316757 0.471039 0.575571 0.468608 0.334717 0.526164 1
0.998340 0.413124 0.421989 0.162007 0.243240 0.062128 0
0.622930 0.652970 0.022903 0.755921 0.085290 0.817862 1
0.241160 0.450642 0.157733 0.802945 0.182934 0.175352 0
0.072493 0.059901 0.201449 0.023268 0.036337 0.402628 0
0.918777 0.932447 0.574682 0.623083 0.236184 0.686079 1
0.208152 0.354392 0.322330 0.753062 0.738324 0.916486 0
0.464845 0.855874 0.896291 0.755495 0.569512 0.284904 1
0.879173 0.160742 0.335062 0.612542 0.518146 0.554472 1
0.888491 0.805620 0.837771 0.337291 0.449917 0.173439 0
0.757685 0.648590 0.041422 0.860802 0.264210 0.640679 1
0.969707 0.818695 0.609912 0.465259 0.096945 0.957404 1
0.418493 0.529608 0.639132 0.106719 0.663033 0.600812 0
0.940981 0.032492 0.707414 0.366765 0.506240 0.779231 1
0.967887 0.282929 0.233746 0.569083 0.226114 0.216285 0
0.730967 0.955944 0.026569 0.719210 0.493908 0.367548 0
0.640037 0.267870 0.764200 0.377211 0.047843 0.970367 0
0.692159 0.761922 0.845834 0.649936 0.735160 0.349945 0
0.605717 0.948895 0.062353 0.583353 0.514499 0.021421 0
0.189021 0.794340 0.370370 0.064136 0.480822 0.357791 0
0.280389 0.079931 0.606755 0.953581 0.664685 0.250126 1
0.397536 0.811024 0.699416 0.563568 0.777577 0.057125 1
0.905740 0.192011 0.412271 0.221588 0.430091 0.122654 0
0.190741 0.327602 0.533572 0.269749 0.831400 0.044318 1
0.224249 0.871431 0.573925 0.206296 0.605541 0.297131 0
0.020299 0.867789 0.447123 0.039230 0.783323 0.776476 0
0.367679 0.702785 0.302109 0.719900 0.993319 0.522881 1
0.101264 0.276896 0.685582 0.830451 0.307392 0.275790 1
0.090989 0.616979 0.434780 0.662283 0.462423 0.541889 1
0.209175 0.244199 0.467023 0.444162 0.249795 0.360332 0
0.881737 0.832961 0.804677 0.315534 0.814367 0.859291 1
0.025378 0.772593 0.701856 0.155329 0.199746 0.445448 0
0.641833 0.666586 0.510717 0.604956 0.268827 0.694603 1
0.568454 0.975424 0.830256 0.694522 0.063121 0.161070 0
0.527595 0.140551 0.190726 0.406973 0.389384 0.164907 0
0.024369 0.505771 0.470095 0.988454 0.117214 0.287303 1
0.875557 0.746865 0.989936 0.985673 0.266166 0.753641 1
0.278944 0.372703 0.530734 0.542838 0.478929 0.154200 1
0.821638 0.240103 0.536629 0.269644 0.155742 0.994749 0
0.075901 0.714467 0.942971 0.847035 0.291313 0.950051 1
0.859335 0.886625 0.997055 0.734102 0.451872 0.474671 0
0.656968 0.855530 0.107620 0.234908 0.098469 0.405457 0
0.336352 0.421934 0.820129 0.907613 0.006218 0.739723 1
0.590341 0.041153 0.701095 0.989002 0.548014 0.842149 1
0.658463 0.174988 0.255296 0.428535 0.360032 0.903219 0
0.764114 0.932552 0.711546 0.061277 0.664125 0.126749 0
0.700783 0.269959 0.594213 0.286066 0.836254 0.508998 1
0.681159 0.910076 0.926282 0.973394 0.157442 0.124905 0
0.408886 0.402326 0.444203 0.414813 0.210326 0.162644 0
0.364191 0.986403 0.502219 0.808206 0.549533 0.883858 1
0.684811 0.323230 0.733896 0.189026 0.594131 0.736657 1
0.840508 0.161777 0.479167 0.090231 0.098337 0.902679 0
0.775603 0.026621 0.997489 0.704262 0.805651 0.141286 1
0.441222 0.921733 0.434970 0.411627 0.778324 0.365534 0
0.560540 0.173156 0.372194 0.914219 0.875124 0.027468 1
0.896222 0.084240 0.519530 0.921111 0.785689 0.938123 1
0.245686 0.500676 0.726553 0.031879 0.870963 0.797186 0
0.823213 0.801209 0.081762 0.532245 0.104176 0.143804 0
0.200437 0.669176 0.321227 0.320983 0.584253 0.656888 0
0.777444 0.574725 0.711087 0.471667 0.212255 0.194391 0
0.700397 0.098825 0.741257 0.592026 0.617568 0.003169 1
0.634906 0.929523 0.692794 0.880102 0.166278 0.009355 0
0.731064 0.174731 0.770315 0.324026 0.854214 0.522457 1
0.025703 0.708774 0.299518 0.211794 0.740743 0.659485 0
0.664228 0.152935 0.076211 0.815198 0.298655 0.422554 0
0.252729 0.862615 0.055869 0.211246 0.156292 0.373421 0
0.344680 0.965148 0.466795 0.421909 0.345539 0.273028 0
0.765399 0.660833 0.204863 0.190503 0.175531 0.268243 0
0.563950 0.079803 0.559438 0.717020 0.308284 0.993161 0
0.500379 0.786698 0.315027 0.078678 0.958359 0.221378 0
0.905562 0.778308 0.783347 0.046251 0.869310 0.384581 0
0.768551 0.228680 0.192435 0.943855 0.362564 0.666313 0
0.990065 0.336689 0.963517 0.195540 0.744039 0.106963 1
0.680371 0.312966 0.528072 0.403272 0.497490 0.897966 0
0.082743 0.644860 0.737389 0.777024 0.873690 0.973633 1
0.887876 0.574853 0.933548 0.014211 0.186688 0.586413 1
0.248562 0.544776 0.108176 0.855785 0.806045 0.902697 1
0.685793 0.061598 0.269677 0.259637 0.467387 0.465682 0
0.716708 0.242907 0.226902 0.379158 0.952789 0.545979 1
0.221527 0.994473 0.093193 0.658241 0.305213 0.665186 1
0.283796 0.476030 0.270299 0.448690 0.450978 0.989737 0
0.003563 0.790907 0.377418 0.595232 0.080591 0.574797 1
0.928042 0.071398 0.611954 0.013928 0.675840 0.351890 1
0.451452 0.342445 0.336989 0.883213 0.688435 0.565172 0
0.596548 0.744949 0.678519 0.166784 0.627056 0.306445 0
0.759188 0.753480 0.642596 0.813411 0.501269 0.164917 0
0.008063 0.725180 0.124528 0.068087 0.173392 0.841539 0
0.975172 0.388508 0.986106 0.010911 0.441412 0.144616 0
0.601653 0.855708 0.494976 0.112636 0.199453 0.145567 0
0.054476 0.290128 0.495578 0.671895 0.349319 0.943514 0
0.335170 0.220114 0.814671 0.211270 0.663455 0.416296 1
0.635033 0.787013 0.212889 0.945879 0.982207 0.959165 1
0.532970 0.350788 0.590893 0.908141 0.987840 0.934852 1
0.872901 0.309198 0.695497 0.287034 0.186527 0.912083 0
0.213245 0.920843 0.123105 0.415137 0.552849 0.180743 0
0.921013 0.248898 0.389755 0.313493 0.008734 0.034285 0
0.563599 0.726831 0.610252 0.542864 0.189896 0.527895 1
0.563933 0.082331 0.238355 0.510475 0.977460 0.188726 1
0.328209 0.016550 0.359456 0.786387 0.455519 0.879854 0
0.024086 0.092759 0.064683 0.385120 0.392823 0.791179 0
0.476774 0.923373 0.389083 0.438255 0.008325 0.864490 0
0.737782 0.841793 0.998972 0.764040 0.260587 0.532044 1
0.769039 0.543062 0.217231 0.374421 0.745545 0.742721 1
0.122018 0.728715 0.770925 0.414574 0.417404 0.309770 0
0.275233 0.565831 0.746428 0.595599 0.844051 0.167076 1
0.570453 0.944885 0.859840 0.015531 0.192579 0.282919 0
0.483898 0.388871 0.526626 0.303394 0.392743 0.698126 1
0.078723 0.880684 0.163674 0.686439 0.503929 0.091760 1
0.738815 0.802170 0.253290 0.347473 0.107582 0.751370 1
0.449937 0.034800 0.138301 0.813447 0.017836 0.451900 0
0.604289 0.838601 0.649022 0.186003 0.837534 0.792051 1
0.093655 0.065064 0.745791 0.642075 0.098549 0.405813 1
0.762468 0.660505 0.706425 0.546675 0.889863 0.210861 0
0.493959 0.788223 0.697871 0.490868 0.996204 0.182010 0
0.246757 0.867678 0.057228 0.096888 0.128931 0.243769 0
0.025511 0.574841 0.260071 0.961650 0.953964 0.514340 1
0.089412 0.951999 0.702653 0.250603 0.952650 0.777244 0
0.971769 0.174566 0.700520 0.486085 0.410951 0.749364 0
0.764691 0.615297 0.304725 0.741875 0.822698 0.245307 0
0.099452 0.213852 0.862072 0.641781 0.268502 0.848667 1
0.401152 0.733255 0.589849 0.614485 0.239739 0.918777 1
0.830087 0.723378 0.725703 0.753704 0.377797 0.081191 0
0.182905 0.253531 0.878027 0.390592 0.253391 0.608653 1
0.966791 0.376033 0.624386 0.010425 0.304169 0.166776 0
0.140563 0.358542 0.258814 0.141233 0.856608 0.894164 0
0.141455 0.805818 0.923757 0.491365 0.372574 0.808180 0
0.144122 0.428268 0.354219 0.219942 0.162966 0.916755 0
0.219403 0.674778 0.532469 0.779128 0.206707 0.272777 1
0.780485 0.950464 0.878842 0.127218 0.286800 0.883738 1
0.267581 0.659941 0.791172 0.610314 0.695528 0.928684 1
0.807811 0.852118 0.183792 0.085296 0.915165 0.508001 1
0.522935 0.076197 0.362178 0.380449 0.361753 0.636553 0
0.672941 0.630428 0.499513 0.067933 0.783941 0.782505 1
0.047892 0.839500 0.155959 0.430600 0.892285 0.912703 0
0.198887 0.933008 0.223544 0.700233 0.655377 0.171910 1
0.082285 0.527169 0.801423 0.096381 0.512273 0.616548 0
0.263805 0.112194 0.297535 0.999491 0.708599 0.318671 0
0.718372 0.316927 0.551412 0.142649 0.523314 0.769897 1
0.987781 0.146401 0.013114 0.840745 0.402300 0.334985 0
0.915047 0.130380 0.989412 0.065066 0.452513 0.248212 0
0.226743 0.957337 0.021070 0.841298 0.549549 0.696781 1
0.391103 0.533208 0.338469 0.989935 0.881589 0.560659 1
0.737036 0.293712 0.406093 0.337276 0.783694 0.505320 1
0.933438 0.719293 0.047757 0.357966 0.464041 0.338593 0
0.859464 0.456233 0.551309 0.355802 0.225832 0.648925 0
0.326774 0.929807 0.432044 0.038015 0.077359 0.882535 0
0.599485 0.987678 0.929558 0.893144 0.117115 0.291861 0
0.386612 0.704033 0.571683 0.829327 0.391453 0.337895 1
0.435755 0.552365 0.277657 0.506237 0.957139 0.906833 1
0.917810 0.673688 0.793083 0.571521 0.990839 0.501855 1
0.773699 0.980344 0.208897 0.259815 0.718686 0.691905 1
0.876920 0.550514 0.442436 0.074522 0.641472 0.293986 0
0.069306 0.515948 0.864490 0.262009 0.072221 0.743340 0
0.289649 0.307156 0.204426 0.754037 0.545210 0.911266 0
0.174327 0.468026 0.703258 0.276749 0.058259 0.391424 1
0.120906 0.593026 0.228492 0.930273 0.232754 0.504720 1
0.665668 0.783335 0.204836 0.201579 0.179171 0.191031 0
0.360706 0.305232 0.863137 0.644190 0.968897 0.724271 1
0.412976 0.865519 0.788777 0.079450 0.363944 0.162829 0
0.833645 0.636683 0.715139 0.658187 0.374491 0.794572 1
0.141331 0.137090 0.397336 0.641964 0.882191 0.884485 0
0.499700 0.070262 0.480773 0.771678 0.653528 0.650948 0
0.364341 0.448610 0.292073 0.810220 0.764536 0.733740 0
0.173518 0.396477 0.030211 0.665472 0.217570 0.155797 0
0.664728 0.133911 0.113379 0.852020 0.660048 0.568890 1
0.431605 0.368632 0.366138 0.402821 0.644095 0.851771 0
0.946574 0.131402 0.543557 0.985057 0.203699 0.476068 0
0.960105 0.950604 0.275625 0.066958 0.840928 0.540535 1
0.913697 0.534766 0.752238 0.122345 0.041725 0.176154 0
0.511024 0.073955 0.587119 0.118922 0.839806 0.583940 1
0.316139 0.783990 0.091410 0.191997 0.384328 0.515617 0
0.102128 0.347826 0.821979 0.890184 0.763927 0.446585 1
0.454402 0.111369 0.814727 0.178959 0.616098 0.016047 1
0.316985 0.766863 0.880934 0.212246 0.577045 0.433076 0
0.368350 0.407285 0.305954 0.991654 0.826964 0.628795 0
0.546326 0.098608 0.895044 0.172716 0.127945 0.591856 0
0.019259 0.822690 0.067280 0.798026 0.145384 0.744873 1
0.398420 0.174405 0.048048 0.861376 0.167756 0.870057 0
0.022079 0.258452 0.118818 0.533351 0.653506 0.809740 0
0.454696 0.126978 0.817476 0.844747 0.699042 0.592376 1
0.006537 0.272716 0.154284 0.880192 0.846054 0.166304 0
0.172269 0.856529 0.503868 0.161302 0.382661 0.792614 0
0.161322 0.768934 0.451635 0.439183 0.030669 0.539613 0
0.002616 0.212284 0.091947 0.385658 0.643021 0.911086 0
0.811428 0.833605 0.666827 0.593255 0.846241 0.126652 0
0.078235 0.225060 0.025745 0.384974 0.359663 0.176850 0
0.852188 0.860121 0.514391 0.226839 0.676602 0.952654 1
0.194084 0.858425 0.332175 0.184942 0.731012 0.341304 0
0.380844 0.653554 0.170289 0.827618 0.740552 0.821466 1
0.089986 0.982806 0.638493 0.677198 0.379389 0.811518 1
0.466977 0.439719 0.482103 0.604511 0.288633 0.509043 0
0.345909 0.413978 0.171193 0.677748 0.560628 0.234854 0
0.188461 0.117583 0.037709 0.882466 0.589511 0.898459 0
0.268169 0.070109 0.396543 0.831069 0.044230 0.957900 0
0.475745 0.369563 0.122379 0.227492 0.425431 0.227737 0
0.362113 0.902137 0.790294 0.630905 0.956209 0.226663 1
0.134401 0.137177 0.410034 0.785814 0.157140 0.738128 0
0.286901 0.762074 0.864564 0.236723 0.007838 0.054304 0
0.841815 0.664927 0.456896 0.841270 0.429811 0.057820 0
0.687830 0.341360 0.870696 0.634702 0.174788 0.817732 0
0.052159 0.441248 0.435811 0.349625 0.312111 0.207470 0
0.990729 0.025497 0.986309 0.676182 0.484412 0.277776 0
0.860521 0.873915 0.322271 0.915807 0.891854 0.195221 0
0.083982 0.960261 0.735484 0.672415 0.480750 0.780874 1
0.534803 0.026258 0.533973 0.886217 0.246053 0.946289 0
0.847125 0.384694 0.210863 0.329674 0.908542 0.260686 1
0.174656 0.255243 0.039448 0.558657 0.752283 0.853070 0
0.220766 0.794183 0.736418 0.209770 0.849019 0.886798 0
0.324698 0.365985 0.468530 0.376754 0.907958 0.723260 0
0.985902 0.842862 0.846498 0.553234 0.562463 0.216186 0
0.874469 0.700578 0.978367 0.953774 0.298453 0.151457 0
0.130633 0.892172 0.726831 0.081004 0.667109 0.203791 0
0.350566 0.828103 0.151614 0.769139 0.357333 0.838185 1
0.357114 0.357871 0.130851 0.404553 0.557309 0.824421 0
0.612151 0.941570 0.845631 0.410707 0.221822 0.514447 1
0.422112 0.300277 0.462713 0.323403 0.758690 0.334454 0
0.943354 0.929670 0.948466 0.361523 0.256114 0.601192 1
0.896326 0.254729 0.860689 0.253430 0.112255 0.885540 0
0.935133 0.073811 0.759189 0.757451 0.860948 0.582559 1
0.662726 0.189607 0.947560 0.446804 0.519963 0.327974 1
0.612341 0.889930 0.134933 0.207841 0.253546 0.149797 0
0.877806 0.200494 0.866542 0.585215 0.744494 0.869056 1
0.204341 0.433606 0.785461 0.412927 0.565264 0.260296 1
0.436911 0.292621 0.341194 0.249870 0.630007 0.307038 0
0.666955 0.946009 0.054169 0.557746 0.928405 0.788875 1
0.441281 0.594296 0.017191 0.280800 0.489283 0.705733 0
0.590023 0.936916 0.879487 0.809316 0.721291 0.939259 1
0.017668 0.974230 0.760642 0.904541 0.242296 0.511786 1
0.947057 0.171782 0.360983 0.273965 0.953274 0.200105 1
0.428417 0.435511 0.036241 0.809539 0.668881 0.547048 0
0.770420 0.693042 0.452906 0.674843 0.558252 0.417332 0
0.309149 0.623880 0.941205 0.073860 0.974661 0.163487 0
0.181099 0.749387 0.936128 0.450687 0.498849 0.874340 0
0.389803 0.534872 0.831804 0.740153 0.639922 0.701994 1
0.997357 0.836674 0.091057 0.151408 0.183623 0.260184 0
0.896486 0.106832 0.962613 0.980629 0.341911 0.694263 0
0.124379 0.490732 0.187166 0.409307 0.073621 0.984472 0
0.508621 0.545561 0.864009 0.416696 0.239959 0.651847 1
0.229335 0.338903 0.438022 0.448769 0.451718 0.684243 0
0.443233 0.628682 0.494118 0.066839 0.714539 0.405247 0
0.312949 0.777184 0.902854 0.862869 0.438308 0.377253 1
0.392479 0.106286 0.972778 0.663047 0.569088 0.553098 1
0.770343 0.701952 0.325415 0.544431 0.497561 0.524587 1
0.085176 0.040074 0.191938 0.813359 0.203648 0.917674 0
0.807685 0.155154 0.899686 0.789702 0.294807 0.203832 0
0.549326 0.075956 0.568772 0.976407 0.031319 0.960753 0
0.616679 0.034416 0.576730 0.436015 0.030389 0.296849 0
0.320280 0.637352 0.880858 0.159835 0.036968 0.033455 0
0.017112 0.111264 0.438119 0.059530 0.445817 0.140579 0
0.572831 0.579655 0.673902 0.166902 0.643383 0.620092 1
0.643265 0.297759 0.195369 0.434822 0.748005 0.692655 1
0.363180 0.276511 0.417449 0.347601 0.913645 0.345670 0
0.409570 0.734964 0.926657 0.400910 0.332762 0.637641 0
0.568255 0.783467 0.561080 0.391363 0.836176 0.170058 0
0.871274 0.519309 0.385936 0.375769 0.593173 0.047290 0
0.945605 0.576728 0.027221 0.096031 0.978334 0.661199 1
0.839810 0.932516 0.720686 0.437608 0.364821 0.394280 0
0.882512 0.949785 0.970628 0.355513 0.566154 0.460551 0
0.674656 0.656287 0.647870 0.755499 0.325652 0.200588 0
0.237407 0.000216 0.121110 0.826169 0.101035 0.198371 0
0.176045 0.562218 0.849005 0.457099 0.362992 0.807901 0
0.964250 0.649041 0.378125 0.411727 0.617300 0.815114 1
0.477393 0.443237 0.150589 0.823770 0.813228 0.432972 0
0.441880 0.277099 0.755390 0.632448 0.179802 0.277227 1
0.094357 0.563636 0.606611 0.092943 0.859599 0.130464 0
0.805288 0.458071 0.794880 0.089265 0.823798 0.009313 1
0.436015 0.885387 0.209149 0.949341 0.830922 0.192109 1
0.775937 0.004137 0.613749 0.135818 0.180398 0.192521 0
0.263222 0.122741 0.792178 0.514552 0.272453 0.708199 1
0.493935 0.450837 0.478232 0.942362 0.497647 0.264889 0
0.475788 0.966704 0.775636 0.041441 0.231497 0.613202 0
0.970960 0.611549 0.427200 0.363562 0.701363 0.698029 1
0.809136 0.841319 0.675286 0.239863 0.070509 0.851322 1
0.725299 0.652080 0.833131 0.536231 0.293555 0.255256 0
0.371714 0.527809 0.252705 0.135670 0.567817 0.132602 0
0.330754 0.713784 0.295439 0.552446 0.390393 0.110449 1
0.822292 0.826749 0.271409 0.348607 0.586479 0.463112 0
0.336965 0.995735 0.312882 0.908142 0.167315 0.936386 1
0.520704 0.453361 0.845625 0.158594 0.183125 0.139005 0
0.122884 0.305374 0.577538 0.433802 0.665609 0.826844 1
0.398843 0.740277 0.728810 0.895318 0.651869 0.842350 1
0.972774 0.679685 0.473953 0.310700 0.701879 0.412517 0
0.840158 0.744494 0.060376 0.428706 0.049214 0.654413 1
0.926589 0.346845 0.122942 0.559012 0.780595 0.492890 1
0.105235 0.070280 0.320326 0.320490 0.524850 0.308005 0
0.519346 0.214548 0.781706 0.193116 0.799083 0.308283 1
0.850582 0.454294 0.499315 0.968025 0.342581 0.407247 0
0.885297 0.888167 0.887549 0.499844 0.353273 0.138917 0
0.669233 0.926537 0.844638 0.806250 0.006925 0.613305 1
0.068962 0.324597 0.542626 0.573420 0.377515 0.224762 1
0.393721 0.547513 0.112610 0.170955 0.902340 0.102825 0
0.471426 0.807856 0.071537 0.460349 0.369578 0.371553 0
0.348016 0.746541 0.049337 0.495799 0.149797 0.914819 0
0.901174 0.023299 0.735703 0.604311 0.920027 0.617594 1
0.922834 0.763615 0.197353 0.946757 0.055613 0.052870 0
0.712359 0.408217 0.325614 0.518782 0.009144 0.969460 0
0.243626 0.862602 0.209361 0.514761 0.743097 0.932154 1
0.795614 0.419847 0.121148 0.088196 0.197519 0.893790 0
0.090759 0.188054 0.720955 0.510012 0.437146 0.034189 1
0.476858 0.709623 0.946491 0.600731 0.074751 0.538223 1
0.548931 0.490384 0.207423 0.533861 0.918163 0.293324 1
0.051925 0.875292 0.165379 0.728052 0.202335 0.402641 1
0.302463 0.812048 0.175128 0.443362 0.883268 0.271927 0
0.150337 0.704373 0.812035 0.573473 0.797772 0.889059 1
0.562360 0.322900 0.743534 0.310356 0.678967 0.502120 1
0.296148 0.725759 0.840877 0.822304 0.843573 0.489216 1
0.379830 0.569809 0.614534 0.625081 0.328095 0.874246 1
0.265577 0.877254 0.735561 0.598571 0.502550 0.146328 1
0.554806 0.918498 0.415992 0.664515 0.539002 0.519127 1
0.780473 0.909400 0.727000 0.568163 0.932747 0.267552 0
0.055080 0.894524 0.194979 0.014477 0.694911 0.146659 0
0.842700 0.082288 0.996829 0.580228 0.665909 0.769387 1
0.256242 0.873582 0.857286 0.785986 0.392325 0.942856 1
0.585819 0.464155 0.228205 0.348528 0.057822 0.774351 0
0.877816 0.259958 0.813680 0.809259 0.044597 0.633348 0
0.202037 0.726352 0.946916 0.702013 0.716687 0.319212 1
0.711330 0.624549 0.228086 0.802962 0.132891 0.892145 1
0.694982 0.515613 0.318931 0.238358 0.227798 0.860492 1
0.928415 0.573897 0.190000 0.042394 0.999526 0.201394 0
0.030744 0.231245 0.731223 0.562489 0.994600 0.123313 1
0.121803 0.042946 0.876133 0.695865 0.498796 0.723431 1
0.212423 0.290227 0.641647 0.380222 0.321927 0.618194 1
0.250417 0.522153 0.922765 0.447771 0.341895 0.741048 0
0.573560 0.424629 0.046976 0.734816 0.762490 0.565336 1
0.868703 0.830081 0.571083 0.089292 0.891009 0.944884 1
0.165085 0.785862 0.031732 0.290082 0.110688 0.626526 0
0.749543 0.886815 0.847625 0.058406 0.941476 0.607053 1
0.646106 0.270965 0.005977 0.458631 0.476486 0.230185 0
0.899446 0.523856 0.219340 0.114937 0.215350 0.419428 0
0.765285 0.664324 0.153001 0.415529 0.723854 0.089233 0
0.542877 0.165504 0.252236 0.383929 0.524859 0.997168 1
0.528716 0.404331 0.566926 0.629996 0.347932 0.536433 0
0.870046 0.614602 0.760230 0.998685 0.124190 0.351797 0
0.227438 0.691119 0.616697 0.742443 0.085194 0.963224 1
0.611280 0.864574 0.523781 0.192678 0.906885 0.604074 1
0.369666 0.450308 0.531137 0.457462 0.462880 0.422578 1
0.282023 0.644503 0.461211 0.858506 0.700314 0.031890 1
0.902606 0.231757 0.292374 0.278387 0.612467 0.715970 1
0.588691 0.477377 0.098275 0.907138 0.241989 0.023244 0
0.371885 0.582924 0.472235 0.728983 0.673020 0.277148 1
0.944822 0.540864 0.338597 0.847559 0.056386 0.319780 0
0.889482 0.073134 0.625088 0.039442 0.168553 0.369787 0
0.462840 0.411234 0.810714 0.145038 0.726566 0.543694 1
0.575543 0.397209 0.908741 0.796315 0.411470 0.732471 0
0.455983 0.391458 0.013238 0.499050 0.504330 0.034063 0
0.205666 0.094587 0.129709 0.812703 0.162227 0.990458 0
0.707540 0.303846 0.927267 0.645291 0.190074 0.702698 0
0.153465 0.842900 0.547113 0.825239 0.637699 0.581205 1
0.052208 0.964546 0.712440 0.427924 0.254661 0.685967 0
0.415829 0.687886 0.110357 0.160460 0.260082 0.350047 0
0.284563 0.152661 0.915590 0.948771 0.768331 0.757822 1
0.745946 0.610905 0.338460 0.669785 0.158421 0.370788 0
0.802649 0.651137 0.824551 0.132711 0.965256 0.316222 0
0.591469 0.075933 0.472980 0.413484 0.027803 0.191589 0
0.513582 0.439632 0.610293 0.339356 0.351851 0.294502 0
0.514677 0.091350 0.851334 0.947248 0.030671 0.308479 0
0.451575 0.659336 0.209917 0.221404 0.174129 0.166685 0
0.348855 0.610531 0.510804 0.055792 0.138088 0.876004 0
0.540630 0.089690 0.207522 0.685363 0.455222 0.186955 0
0.825837 0.970436 0.204514 0.370519 0.272926 0.315874 0
0.691071 0.419048 0.889516 0.849455 0.184935 0.957296 0
0.510842 0.364373 0.084664 0.979400 0.813471 0.471463 1
0.175304 0.119797 0.575879 0.631869 0.384502 0.734319 1
0.711645 0.938435 0.949691 0.452374 0.718566 0.258095 0
0.574612 0.505282 0.824445 0.909446 0.059447 0.251109 0
0.775932 0.107592 0.074847 0.023981 0.796899 0.671290 1
0.500396 0.094635 0.643928 0.687568 0.590907 0.294109 1
0.265162 0.888329 0.410169 0.950567 0.702435 0.304173 1
0.377184 0.660099 0.044508 0.595973 0.453977 0.287350 1
0.507177 0.788894 0.974190 0.021287 0.302524 0.300149 0
0.104549 0.004072 0.440473 0.383387 0.854202 0.338990 0
0.294685 0.629644 0.214756 0.426104 0.734044 0.649077 0
0.852060 0.913367 0.694661 0.287543 0.630679 0.648722 1
0.635038 0.625315 0.800805 0.877551 0.106219 0.061162 0
0.003781 0.665640 0.002222 0.387540 0.185658 0.059493 0
0.358062 0.171040 0.910165 0.019877 0.416217 0.348287 1
0.534201 0.051422 0.528736 0.438754 0.000459 0.964792 0
0.720163 0.058457 0.323909 0.428545 0.202303 0.440714 0
0.860411 0.647876 0.544347 0.457103 0.501034 0.149874 0
0.553926 0.072681 0.477161 0.683108 0.055400 0.496257 0
0.929681 0.982508 0.947236 0.402268 0.971201 0.302222 0
0.820562 0.567106 0.160588 0.382215 0.837651 0.191725 0
0.217065 0.271108 0.741317 0.435800 0.452494 0.132529 1
0.466385 0.066164 0.285170 0.682543 0.009195 0.267228 0
0.662782 0.509974 0.791767 0.343469 0.171540 0.001404 0
0.611937 0.255975 0.786470 0.597095 0.433157 0.720543 0
0.405289 0.781330 0.931404 0.200089 0.349140 0.456264 0
0.548767 0.727849 0.202964 0.929344 0.038908 0.884777 1
0.835390 0.150311 0.541881 0.397414 0.272493 0.754412 0
0.303820 0.204475 0.950761 0.284110 0.124041 0.596265 1
0.257075 0.976385 0.903608 0.584897 0.219209 0.426678 1
0.489965 0.979954 0.902791 0.335011 0.441439 0.549686 0
0.571359 0.140111 0.514768 0.196128 0.887511 0.534430 1
0.123479 0.666525 0.973017 0.595557 0.569803 0.601548 1
0.463239 0.280315 0.354792 0.528586 0.869781 0.232920 0
0.214691 0.907632 0.090175 0.722705 0.726638 0.497541 1
0.205078 0.192997 0.934187 0.926746 0.568097 0.496786 1
0.740988 0.734327 0.800968 0.992065 0.675627 0.145351 0
0.776361 0.733729 0.415040 0.310993 0.571453 0.285085 0
0.631701 0.327673 0.483421 0.743122 0.778904 0.110571 1
0.702831 0.716227 0.869493 0.184598 0.300352 0.258621 0
0.418696 0.164634 0.972497 0.656576 0.719731 0.303049 1
0.541049 0.638534 0.157708 0.361859 0.282137 0.402222 0
0.717474 0.966520 0.793072 0.444947 0.568274 0.207201 0
0.977372 0.189057 0.633268 0.457718 0.335328 0.064185 0
0.620520 0.099581 0.545962 0.278470 0.269516 0.703420 0
0.834050 0.113657 0.591305 0.645566 0.537206 0.687975 1
0.936283 0.195847 0.034543 0.054557 0.441196 0.626287 0
0.546516 0.223354 0.162535 0.253856 0.764241 0.200492 1
0.025974 0.315901 0.589874 0.010653 0.819728 0.911919 1
0.916571 0.586330 0.229160 0.078755 0.540531 0.579914 1
0.544227 0.590533 0.340143 0.924964 0.769841 0.324456 0
0.522581 0.660355 0.769045 0.289535 0.637759 0.061564 0
0.964023 0.274120 0.190925 0.456318 0.138692 0.551734 0
0.029127 0.244881 0.640542 0.338503 0.154222 0.544465 1
0.361053 0.748041 0.274161 0.283881 0.459909 0.236328 0
0.440278 0.370818 0.107284 0.499713 0.415426 0.541836 0
0.439834 0.155585 0.264449 0.211755 0.304359 0.167620 0
0.726623 0.785304 0.470904 0.401202 0.871612 0.957596 1
0.543926 0.400261 0.324978 0.547334 0.728295 0.865938 1
0.001295 0.192397 0.318507 0.424108 0.587200 0.927486 0
0.583445 0.136244 0.820899 0.002710 0.848753 0.193519 1
0.691226 0.211221 0.859050 0.468682 0.969776 0.506532 1
0.238062 0.894801 0.027368 0.135070 0.130271 0.839031 0
0.401359 0.558279 0.619702 0.288414 0.589392 0.130509 0
0.883878 0.641036 0.006101 0.128005 0.484599 0.714617 1
0.942430 0.450252 0.890503 0.975031 0.778650 0.340485 1
0.022888 0.801940 0.569384 0.475951 0.396009 0.455555 0
0.363800 0.124329 0.116679 0.270886 0.934388 0.855455 0
0.479841 0.061756 0.040340 0.680462 0.674077 0.537607 0
0.229403 0.680808 0.225705 0.110985 0.734916 0.430919 0
0.002637 0.590302 0.249072 0.100432 0.103806 0.014200 0
0.762715 0.999426 0.192260 0.308822 0.752487 0.106874 0
0.172122 0.043436 0.650697 0.844694 0.229595 0.673398 1
0.994071 0.632950 0.026373 0.244693 0.769503 0.186593 0
0.464034 0.051331 0.753669 0.622821 0.663524 0.457051 1
0.069519 0.851088 0.416298 0.644405 0.618915 0.648860 1
0.726472 0.142689 0.358540 0.443776 0.303395 0.043664 0
0.040448 0.288378 0.415354 0.950025 0.558482 0.661323 0
0.194221 0.674908 0.624216 0.663410 0.149875 0.493351 1
0.634629 0.386123 0.699966 0.211515 0.346970 0.187819 0
0.105454 0.901168 0.141041 0.934735 0.781075 0.563998 1
0.215094 0.289962 0.023748 0.040489 0.976462 0.319081 0
0.033836 0.325674 0.901006 0.208975 0.205645 0.890310 1
0.800624 0.503425 0.382415 0.191182 0.799115 0.646829 1
0.338237 0.469462 0.546341 0.496655 0.241829 0.979234 1
0.331019 0.758917 0.001465 0.731628 0.892672 0.275725 1
0.735178 0.661900 0.838376 0.776465 0.723130 0.733899 1
0.370800 0.610523 0.042576 0.483970 0.297810 0.070565 0
0.549558 0.757477 0.605002 0.428080 0.658290 0.138062 0
0.745928 0.651728 0.186706 0.099289 0.514834 0.431290 0
0.339245 0.749130 0.461490 0.980089 0.154451 0.998900 1
0.477886 0.584538 0.257085 0.426350 0.010545 0.921020 0
0.760770 0.758086 0.462118 0.684205 0.741208 0.065160 0
0.731686 0.241951 0.655006 0.253732 0.921383 0.580877 1
0.143008 0.047545 0.359485 0.407713 0.129170 0.978896 0
0.401341 0.320341 0.046737 0.413439 0.248919 0.060748 0
0.271665 0.899972 0.956968 0.521351 0.082330 0.184575 1
0.426718 0.144280 0.173917 0.394576 0.767815 0.748212 0
0.346272 0.536789 0.564110 0.822956 0.073130 0.374746 1
0.297189 0.725314 0.522733 0.544806 0.312948 0.824457 1
0.968409 0.436904 0.314995 0.767667 0.565521 0.470312 1
0.273434 0.480963 0.822697 0.774786 0.338219 0.956432 1
0.689804 0.200804 0.511101 0.184282 0.110029 0.693341 0
0.832311 0.325961 0.208587 0.397428 0.531344 0.351358 1
0.767447 0.633372 0.018398 0.455571 0.547456 0.252725 0
0.350048 0.523478 0.365868 0.498392 0.503131 0.276051 0
0.761896 0.255304 0.247173 0.171082 0.932205 0.863686 1
0.138810 0.279345 0.342161 0.085160 0.842570 0.345281 0
0.337897 0.230596 0.978652 0.940595 0.064814 0.697101 1
0.018785 0.680510 0.272186 0.448751 0.487525 0.436181 0
0.803497 0.908726 0.806499 0.299460 0.390983 0.143373 0
0.237949 0.619944 0.623571 0.314817 0.730384 0.142786 0
0.977380 0.450612 0.442550 0.549033 0.732049 0.002101 1
0.028636 0.645834 0.386729 0.033215 0.172494 0.558639 0
0.745819 0.540269 0.583045 0.974553 0.899827 0.627969 1
0.989091 0.659689 0.102310 0.978714 0.639490 0.411298 0
0.819235 0.232773 0.635692 0.761825 0.199366 0.253834 0
0.943286 0.243454 0.803149 0.452859 0.799531 0.662716 1
0.555872 0.555872 0.431852 0.999239 0.310327 0.136500 0
0.901679 0.789569 0.077259 0.584883 0.376645 0.254597 0
0.442943 0.277991 0.958183 0.391205 0.207030 0.574543 1
0.165683 0.674675 0.476325 0.125828 0.245819 0.989498 0
0.118904 0.595486 0.695326 0.071854 0.581317 0.787946 0
0.796961 0.542677 0.938710 0.581585 0.007722 0.714483 1
0.077809 0.694566 0.638309 0.120871 0.997164 0.972034 0
0.467578 0.332295 0.102927 0.695638 0.556658 0.350272 0
0.136019 0.208544 0.599811 0.401881 0.431711 0.626471 1
0.643654 0.104048 0.998041 0.949602 0.894009 0.356166 1
0.806595 0.499019 0.696389 0.030490 0.875386 0.833947 1
0.188565 0.878101 0.161421 0.641496 0.254695 0.976435 1
0.130869 0.223031 0.452557 0.911273 0.742743 0.378485 0
0.399217 0.211239 0.687401 0.061876 0.467296 0.395471 1
0.240763 0.948351 0.780946 0.634711 0.047425 0.687369 1
0.173048 0.263406 0.428215 0.684043 0.871778 0.646870 0
0.898936 0.326082 0.696046 0.557048 0.781164 0.168375 1
0.544801 0.084021 0.297319 0.899876 0.758743 0.982481 1
0.844627 0.917182 0.810353 0.327539 0.140234 0.536830 1
0.128040 0.249091 0.242590 0.637128 0.996847 0.718654 0
0.274792 0.223507 0.529165 0.897425 0.770842 0.940428 1
0.961512 0.387406 0.005625 0.427149 0.520705 0.601976 1
0.645054 0.701118 0.612725 0.974369 0.971109 0.410452 0
0.848277 0.842068 0.765998 0.269040 0.832805 0.197692 0
0.911521 0.194008 0.171764 0.767846 0.584715 0.293707 1
0.922703 0.457505 0.616060 0.591439 0.234548 0.163699 0
0.059687 0.434333 0.012535 0.968386 0.158213 0.246564 0
0.939989 0.060469 0.046879 0.812072 0.753728 0.272262 1
0.200729 0.967936 0.922864 0.121709 0.044176 0.809880 0
0.151709 0.954154 0.940594 0.531095 0.345214 0.864875 1
0.653394 0.044544 0.086445 0.648556 0.522182 0.152242 1
0.701590 0.891450 0.532856 0.080989 0.485191 0.346269 0
0.539350 0.317274 0.106299 0.442890 0.735965 0.594646 1
0.400434 0.346320 0.379978 0.473047 0.835833 0.801325 0
0.686361 0.035214 0.765702 0.398226 0.598062 0.696344 1
0.893415 0.986677 0.081607 0.667556 0.762441 0.993808 1
0.836066 0.182099 0.118600 0.768132 0.223750 0.150390 0
0.862698 0.427236 0.257323 0.798768 0.770053 0.837414 1
0.480789 0.713823 0.387290 0.799957 0.106130 0.995372 1
0.051619 0.649666 0.704947 0.841840 0.569115 0.764695 1
0.518706 0.971935 0.928668 0.016656 0.782094 0.330978 0
0.903873 0.251996 0.139292 0.837838 0.385536 0.680608 0
0.014000 0.290210 0.218680 0.163594 0.133808 0.956970 0
0.159811 0.793791 0.042388 0.689591 0.952564 0.405277 1
0.439789 0.290526 0.319087 0.987313 0.965196 0.614352 0
0.222825 0.352901 0.375988 0.553773 0.160885 0.310823 0
0.194664 0.697787 0.085585 0.450671 0.519816 0.074550 0
0.164228 0.845133 0.478231 0.745778 0.173012 0.254709 1
0.245437 0.324470 0.140878 0.079605 0.200413 0.669027 0
0.225322 0.673666 0.811524 0.509825 0.386679 0.190008 1
0.477445 0.565857 0.822590 0.305802 0.842119 0.293699 0
0.404652 0.452806 0.412794 0.905386 0.836213 0.068845 0
0.066823 0.695312 0.324331 0.525436 0.672493 0.998791 1
0.119743 0.840654 0.848495 0.738927 0.949071 0.537290 1
0.580822 0.121271 0.712104 0.311591 0.449998 0.261844 0
0.250732 0.743048 0.524443 0.186610 0.119256 0.758453 0
0.403819 0.080349 0.014447 0.535538 0.883248 0.207515 0
0.855645 0.736926 0.203836 0.359973 0.694788 0.372703 0
0.141375 0.058406 0.542457 0.896375 0.954945 0.662515 1
0.928596 0.122356 0.713066 0.894967 0.726519 0.504585 1
0.423104 0.762292 0.731354 0.842463 0.964652 0.200275 1
0.883488 0.484642 0.338100 0.922761 0.240023 0.141983 0
0.235048 0.220047 0.203048 0.574310 0.053488 0.827976 0
0.084380 0.239990 0.743046 0.226053 0.068659 0.697029 1
0.531627 0.802789 0.589746 0.907493 0.032601 0.286409 0
0.727256 0.460013 0.770323 0.665748 0.157785 0.445064 0
0.443245 0.820029 0.766254 0.021312 0.209300 0.626301 0
0.625611 0.163642 0.735051 0.547518 0.686900 0.760751 1
0.765562 0.624340 0.512073 0.327445 0.775303 0.037150 0
0.966577 0.641942 0.999497 0.142505 0.593910 0.617732 1
0.520534 0.768469 0.792988 0.989421 0.168137 0.543767 1
0.672839 0.706232 0.617784 0.965031 0.689967 0.971307 1
0.518471 0.952256 0.458002 0.738695 0.248471 0.863188 1
0.910114 0.982879 0.527832 0.344012 0.631315 0.212732 0
0.245938 0.826361 0.505232 0.065096 0.342452 0.878615 0
0.781120 0.009501 0.825019 0.490813 0.245748 0.768859 0
0.937504 0.611964 0.880984 0.767387 0.570149 0.375415 0
0.019029 0.194626 0.998313 0.850756 0.558236 0.047678 1
0.337383 0.443322 0.646515 0.910093 0.237617 0.157563 1
0.972094 0.123905 0.862425 0.091382 0.460115 0.425149 0
0.299956 0.937953 0.332159 0.167311 0.567453 0.263051 0
0.548523 0.299783 0.559528 0.052663 0.106543 0.960263 0
0.276265 0.118943 0.329039 0.483267 0.179624 0.087130 0
0.930599 0.141154 0.098795 0.329437 0.430861 0.822339 0
0.897311 0.099340 0.700111 0.586022 0.189764 0.397474 0
0.095797 0.543667 0.474550 0.884676 0.466734 0.016479 1
0.358043 0.362050 0.980963 0.432746 0.753996 0.846570 1
0.962037 0.690473 0.835060 0.104886 0.485732 0.624757 1
0.700774 0.189672 0.494439 0.242120 0.238573 0.570568 0
0.063109 0.963427 0.067560 0.828036 0.945166 0.683157 1
0.809252 0.312865 0.738428 0.056445 0.468178 0.873709 0
0.740052 0.076497 0.697409 0.121110 0.733253 0.103834 1
0.800302 0.679995 0.628440 0.875960 0.968122 0.983786 1
0.328260 0.301489 0.111788 0.096024 0.921855 0.897522 0
0.537303 0.223421 0.515439 0.018171 0.608033 0.333773 1
0.784856 0.219229 0.487318 0.781949 0.046470 0.732138 0
0.231583 0.623545 0.465363 0.148026 0.457214 0.368762 0
0.376529 0.869349 0.511466 0.081001 0.769169 0.902827 0
0.612124 0.322597 0.069306 0.758375 0.935258 0.336293 1
0.980148 0.351085 0.546136 0.681403 0.002014 0.474902 0
0.617365 0.556789 0.649949 0.140862 0.238106 0.339023 0
0.025732 0.056561 0.552519 0.918697 0.341476 0.725082 1
0.958640 0.331843 0.076902 0.960796 0.818298 0.862837 1
0.346146 0.413702 0.559911 0.770176 0.895893 0.360568 1
0.313944 0.250671 0.980030 0.445595 0.308424 0.577550 1
0.309803 0.715571 0.019672 0.757482 0.435905 0.142394 1
0.812578 0.590493 0.431306 0.227343 0.743772 0.776330 1
0.768223 0.033458 0.190608 0.109503 0.446079 0.956589 0
0.872554 0.626982 0.333795 0.604031 0.695966 0.644123 1
0.912158 0.889350 0.399742 0.416759 0.933671 0.549188 1
0.773094 0.269132 0.588380 0.796870 0.720586 0.622222 1
0.565746 0.091536 0.649149 0.288072 0.537508 0.391070 1
0.729691 0.994859 0.047296 0.746943 0.965320 0.944333 1
0.350837 0.992032 0.987140 0.082600 0.685703 0.549909 0
0.031099 0.861397 0.256538 0.496796 0.634732 0.787810 0
0.525840 0.727552 0.127982 0.145668 0.988736 0.517805 1
0.446069 0.456831 0.899003 0.013699 0.816425 0.332854 1
0.564070 0.209410 0.552803 0.060134 0.248677 0.549755 0
0.787748 0.091406 0.170011 0.221267 0.986140 0.268663 1
0.721516 0.113849 0.537768 0.914178 0.353413 0.148692 0
0.954517 0.040573 0.121238 0.534561 0.337658 0.756060 0
0.037132 0.341094 0.673827 0.666723 0.058196 0.264569 1
0.183667 0.817430 0.374548 0.885645 0.680060 0.879710 1
0.096394 0.458333 0.647697 0.748821 0.965883 0.368037 1
0.605708 0.100276 0.473436 0.920987 0.061790 0.084265 0
0.925003 0.242506 0.365033 0.239792 0.747741 0.533001 1
0.818702 0.945010 0.023726 0.482250 0.506986 0.174949 0
0.808313 0.859001 0.332939 0.816952 0.249003 0.229485 0
0.927521 0.627683 0.319713 0.435899 0.847283 0.071558 0
0.222194 0.589177 0.883142 0.513480 0.857260 0.018602 1
0.762524 0.465820 0.444739 0.719549 0.120099 0.843121 0
0.515759 0.782333 0.422286 0.453198 0.229151 0.996217 1
0.110011 0.366932 0.057146 0.375891 0.635371 0.609268 0
0.616064 0.910053 0.489288 0.103872 0.594030 0.721128 1
0.315535 0.333222 0.104664 0.151440 0.174901 0.728082 0
0.590472 0.884864 0.381292 0.345247 0.922579 0.189514 0
0.243826 0.275654 0.809924 0.876110 0.585589 0.165846 1
0.725189 0.527326 0.095987 0.613364 0.005657 0.571665 1
0.041071 0.556989 0.619740 0.837117 0.723410 0.749971 1
0.022147 0.668224 0.086950 0.145455 0.679783 0.596818 0
0.194053 0.200509 0.674620 0.049366 0.581426 0.506671 1
0.320441 0.324823 0.024807 0.127842 0.384849 0.506728 0
0.119883 0.596156 0.190279 0.067012 0.830656 0.300695 0
0.139357 0.486185 0.203549 0.680113 0.928712 0.063689 0
0.943429 0.413595 0.658529 0.014874 0.470805 0.439278 0
0.826489 0.864400 0.550566 0.486237 0.627821 0.832256 1
0.074354 0.746027 0.444870 0.751535 0.175631 0.886582 1
0.425283 0.415643 0.505228 0.044840 0.396965 0.115363 1
0.692692 0.257421 0.994105 0.654571 0.085578 0.258723 0
0.449138 0.289011 0.484245 0.311470 0.842167 0.670652 0
0.413067 0.335901 0.037826 0.780692 0.929071 0.888998 0
0.818442 0.287066 0.588820 0.977201 0.669711 0.820109 1
0.191398 0.834982 0.437499 0.273781 0.470870 0.589687 0
0.716970 0.432819 0.768627 0.352562 0.576253 0.921918 1
0.378467 0.824414 0.358479 0.340842 0.884740 0.890988 0
0.044027 0.156464 0.027224 0.317663 0.909179 0.623921 0
0.908910 0.294670 0.654985 0.284252 0.304205 0.948389 0
0.054763 0.243603 0.554452 0.002003 0.840952 0.691344 1
0.673066 0.032131 0.613803 0.164363 0.691058 0.388577 1
0.963321 0.881686 0.000375 0.002564 0.653663 0.760243 1
0.523452 0.692543 0.086146 0.945278 0.757149 0.114158 0
0.690799 0.748603 0.060140 0.249988 0.203651 0.539423 1
0.983870 0.112980 0.829666 0.007806 0.953323 0.626806 1
0.353646 0.614674 0.738284 0.717173 0.518432 0.159916 1
0.995899 0.762912 0.333473 0.081061 0.835342 0.383923 0
0.137716 0.958504 0.483331 0.177041 0.844435 0.855334 0
0.075672 0.340068 0.493640 0.594111 0.091940 0.635052 0
0.439791 0.440292 0.423784 0.990611 0.878045 0.344989 0
0.045681 0.300375 0.832238 0.072225 0.555315 0.883002 1
0.077603 0.206585 0.373408 0.951373 0.800916 0.030103 0
0.478446 0.894921 0.633816 0.271794 0.013584 0.344561 0
0.657801 0.669412 0.505647 0.463079 0.328590 0.672023 1
0.484526 0.136802 0.638919 0.210523 0.320225 0.226442 1
0.982364 0.919856 0.713328 0.468854 0.641782 0.688791 1
0.296553 0.059767 0.339177 0.821356 0.260465 0.051703 0
0.701021 0.380746 0.807473 0.896228 0.824896 0.329133 1
0.327837 0.709054 0.154289 0.576487 0.372858 0.840786 1
0.946610 0.637621 0.187958 0.243418 0.944077 0.001862 0
0.667809 0.604207 0.442086 0.498855 0.343857 0.450229 0
0.075602 0.679095 0.387677 0.902369 0.890164 0.655431 1
0.159451 0.420682 0.758527 0.695299 0.772191 0.255203 1
0.511934 0.255534 0.408349 0.418124 0.661269 0.107887 1
0.808650 0.749074 0.333625 0.560159 0.123196 0.077400 0
0.336310 0.449835 0.837105 0.951793 0.984483 0.511880 1
0.415977 0.815401 0.411147 0.998302 0.109326 0.808008 1
0.010126 0.431374 0.832073 0.150611 0.757122 0.761718 1
0.824344 0.261951 0.575195 0.715108 0.658778 0.349819 1
0.018126 0.194068 0.239992 0.787177 0.680683 0.970211 0
0.705848 0.852463 0.841100 0.847293 0.040813 0.158593 0
0.557442 0.099671 0.123975 0.162448 0.695802 0.515461 1
0.051255 0.377687 0.455933 0.032579 0.123916 0.529439 0
0.076651 0.012945 0.790788 0.665634 0.908819 0.915480 1
0.111342 0.297447 0.975436 0.580923 0.966846 0.777645 1
0.623765 0.905805 0.437416 0.587161 0.581480 0.633736 1
0.367147 0.397447 0.180990 0.647506 0.845929 0.320545 0
0.992615 0.377875 0.964003 0.010092 0.320354 0.003323 0
0.305301 0.033228 0.648572 0.422891 0.420829 0.470320 1
0.390855 0.114949 0.703801 0.395836 0.311167 0.951585 1
0.620366 0.726684 0.521471 0.829628 0.661095 0.651662 1
0.948109 0.038061 0.876808 0.960986 0.705190 0.751928 1
0.401465 0.617852 0.012845 0.486861 0.812337 0.552710 0
0.455945 0.211430 0.870972 0.767666 0.037326 0.609599 1
0.440421 0.189644 0.738636 0.185666 0.481208 0.716481 1
0.987472 0.826886 0.978926 0.145667 0.402606 0.001692 0
0.573915 0.020512 0.880858 0.034051 0.995398 0.557624 1
0.908999 0.761336 0.623408 0.157610 0.557475 0.483648 0
0.684574 0.248926 0.684933 0.524535 0.595244 0.375519 1
0.229440 0.924641 0.743587 0.140964 0.095474 0.968241 0
0.293167 0.401565 0.593625 0.018136 0.413142 0.396267 1
0.441289 0.909887 0.832622 0.397067 0.833099 0.233187 0
0.707696 0.070223 0.384206 0.957788 0.356792 0.098212 0
0.129378 0.788804 0.444838 0.173316 0.601758 0.127338 0
0.062216 0.130432 0.845129 0.580801 0.973095 0.157521 1
0.306535 0.507781 0.085871 0.004121 0.149672 0.084257 0
0.158188 0.991576 0.070149 0.438104 0.627591 0.622041 0
0.663256 0.028722 0.371950 0.726173 0.193625 0.247732 0
0.248302 0.974696 0.376335 0.630233 0.237782 0.223812 1
0.002613 0.466827 0.978601 0.498563 0.484806 0.192824 1
0.755850 0.889596 0.033864 0.329459 0.078984 0.054359 0
0.174265 0.663730 0.435576 0.790129 0.611929 0.295555 1
0.043532 0.907373 0.051657 0.679403 0.598605 0.207263 1
0.388681 0.377649 0.512532 0.010538 0.454429 0.959122 1
0.650711 0.268301 0.687784 0.843979 0.371176 0.305880 0
0.461616 0.701711 0.951105 0.808129 0.086718 0.794633 1
0.768609 0.178320 0.076009 0.688295 0.478858 0.511286 0
0.931614 0.011597 0.797672 0.543655 0.562942 0.913865 1
0.617448 0.145854 0.713497 0.310737 0.233033 0.301414 0
0.715559 0.268044 0.845419 0.457134 0.898959 0.645165 1
0.977737 0.174587 0.910066 0.253507 0.530854 0.703506 1
0.976786 0.434408 0.255078 0.724351 0.353562 0.613080 0
0.571318 0.290769 0.725862 0.383893 0.805142 0.903138 1
0.654547 0.631497 0.007821 0.626173 0.075276 0.851433 1
0.345971 0.907737 0.291704 0.743392 0.135294 0.059445 1
0.635357 0.092394 0.714095 0.018194 0.143298 0.421671 0
0.087709 0.427463 0.169204 0.249931 0.226007 0.832362 0
0.597328 0.598289 0.566581 0.834537 0.033204 0.958998 1
0.326468 0.491037 0.892132 0.668221 0.766938 0.052912 1
0.674019 0.074967 0.089192 0.095503 0.205060 0.547611 0
0.228842 0.467315 0.104654 0.378785 0.645135 0.248543 0
0.386928 0.642664 0.262804 0.185079 0.982525 0.365954 0
0.740462 0.269685 0.838350 0.645712 0.053508 0.140962 0
0.432606 0.541970 0.967485 0.815949 0.845799 0.933652 1
0.214660 0.586346 0.397184 0.534448 0.829219 0.938889 1
0.061583 0.995274 0.473942 0.882937 0.098697 0.733089 1
0.175295 0.133033 0.515071 0.080634 0.649997 0.067469 1
0.369155 0.672316 0.821502 0.416927 0.738189 0.531149 0
0.143877 0.032651 0.452138 0.656610 0.860645 0.895656 0
0.953393 0.848231 0.323206 0.223402 0.085496 0.444467 0
0.056750 0.058730 0.383372 0.081063 0.628629 0.012325 0
0.559324 0.965048 0.726309 0.931847 0.504561 0.063813 0
0.543742 0.801272 0.341483 0.216120 0.305608 0.679576 1
0.097012 0.776824 0.510480 0.828614 0.609246 0.544444 1
0.077430 0.812951 0.920090 0.371119 0.151821 0.173901 0
0.237093 0.126482 0.879924 0.450959 0.448255 0.933494 1
0.892664 0.837752 0.561826 0.837008 0.615200 0.864073 1
0.967766 0.710058 0.480610 0.304433 0.661701 0.967873 1
0.131399 0.894689 0.222426 0.072838 0.112034 0.123548 0
0.893906 0.626458 0.929646 0.865758 0.841992 0.213185 0
0.457614 0.331908 0.096454 0.704232 0.400703 0.144410 0
0.529055 0.268693 0.272347 0.443925 0.716549 0.810165 1
0.917397 0.615107 0.584969 0.792930 0.248007 0.024123 0
0.944116 0.426660 0.251657 0.521809 0.586535 0.725058 1
0.360011 0.139001 0.281282 0.220383 0.284403 0.966886 0
0.587167 0.159905 0.485078 0.897840 0.616175 0.487382 1
0.705773 0.147436 0.929309 0.610514 0.872573 0.760458 1
0.241249 0.036107 0.633111 0.827260 0.418200 0.794713 1
0.129498 0.244286 0.450203 0.882205 0.255541 0.811571 0
0.616501 0.602439 0.250467 0.184004 0.622303 0.064232 0
0.574962 0.209391 0.044309 0.747356 0.976846 0.631746 1
0.297941 0.300308 0.627422 0.675316 0.383282 0.051546 1
0.036243 0.770370 0.309871 0.131206 0.329268 0.764814 0
0.315749 0.472005 0.876099 0.886282 0.652283 0.632347 1
0.238563 0.421434 0.087491 0.980261 0.950639 0.282617 0
0.859782 0.851308 0.930901 0.111683 0.343236 0.336429 0
0.058673 0.358919 0.579270 0.522299 0.690848 0.342776 1
0.282225 0.402713 0.987677 0.484624 0.321079 0.116155 1
0.804558 0.952317 0.157686 0.965667 0.853303 0.889319 1
0.232532 0.067324 0.551283 0.285325 0.287968 0.568553 1
0.068493 0.449904 0.628816 0.395879 0.796627 0.787114 1
0.327512 0.593011 0.262476 0.475463 0.154585 0.908756 0
0.234974 0.142905 0.309832 0.769369 0.241790 0.719385 0
0.654835 0.090389 0.253595 0.901872 0.645491 0.202357 1
0.832943 0.312928 0.853642 0.460338 0.330723 0.408706 0
0.738055 0.262188 0.660126 0.448594 0.542029 0.905617 1
0.349312 0.181714 0.618082 0.140242 0.632978 0.912229 1
0.317720 0.360779 0.124160 0.620835 0.620378 0.765927 0
0.169371 0.879590 0.149892 0.977226 0.893503 0.664013 1
0.233433 0.090519 0.794305 0.667268 0.457150 0.666976 1
0.057347 0.194584 0.047073 0.836976 0.868459 0.663886 0
0.855100 0.583553 0.264522 0.825689 0.134812 0.516136 1
0.257130 0.693572 0.063931 0.788047 0.362530 0.168420 1
0.445324 0.201437 0.232074 0.911296 0.507736 0.322050 0
0.897692 0.106612 0.442710 0.073258 0.916270 0.573067 1
0.240452 0.759259 0.505391 0.787434 0.576448 0.039694 1
0.214807 0.261438 0.354619 0.672437 0.243664 0.164042 0
0.529038 0.973742 0.355780 0.231426 0.517590 0.302676 0
0.288810 0.009636 0.369129 0.283331 0.879289 0.801479 0
0.795964 0.623444 0.411018 0.858754 0.422228 0.799323 1
0.603561 0.555005 0.092664 0.157056 0.295642 0.207569 0
0.369805 0.768075 0.516558 0.278910 0.155313 0.561455 0
0.388597 0.914924 0.838301 0.109762 0.800043 0.486009 0
0.148627 0.778653 0.492236 0.284839 0.360084 0.406040 0
0.624521 0.992523 0.163754 0.392549 0.808580 0.755084 1
0.948442 0.740069 0.839511 0.608772 0.564732 0.664237 1
0.214747 0.720946 0.839629 0.061288 0.949983 0.455834 0
0.512962 0.382203 0.704287 0.333709 0.057105 0.118285 0
0.350721 0.798355 0.006203 0.180811 0.685198 0.082704 0
0.780165 0.233785 0.361358 0.392242 0.756016 0.067812 1
0.199517 0.073112 0.088963 0.012904 0.259371 0.359608 0
0.188175 0.271914 0.176674 0.996350 0.939816 0.450418 0
0.819131 0.396825 0.841395 0.154758 0.288784 0.687132 0
0.329178 0.622694 0.331188 0.232543 0.104769 0.487627 0
0.562718 0.333782 0.416075 0.094866 0.850160 0.084654 1
0.130520 0.984808 0.820990 0.320146 0.888321 0.379039 0
0.162736 0.074696 0.332212 0.920720 0.672265 0.490946 0
0.190518 0.211135 0.521775 0.796075 0.247003 0.720820 1
0.241675 0.484969 0.718638 0.774700 0.930462 0.970167 1
0.786626 0.023529 0.782797 0.497117 0.641369 0.957864 1
0.737822 0.016934 0.245639 0.069370 0.758082 0.555968 1
0.727369 0.228307 0.930852 0.475480 0.448681 0.747756 0
0.190424 0.382129 0.301058 0.799555 0.830766 0.044803 0
0.370708 0.275399 0.957638 0.241466 0.488055 0.117574 1
0.503395 0.083921 0.574249 0.652165 0.832270 0.495131 1
0.478826 0.456746 0.111248 0.396066 0.756501 0.926358 0
0.676217 0.084446 0.220418 0.299262 0.040842 0.974381 0
0.177858 0.523916 0.820606 0.574507 0.668244 0.838035 1
0.657460 0.830869 0.760081 0.428908 0.200587 0.573760 1
0.501038 0.662113 0.780231 0.307243 0.281486 0.265942 0
0.461660 0.120625 0.533338 0.292807 0.771445 0.836293 1
0.351715 0.811769 0.337976 0.622909 0.718641 0.806662 1
0.891026 0.388359 0.407319 0.526114 0.870388 0.701781 1
0.580411 0.439559 0.250049 0.075555 0.004918 0.689455 0
0.566597 0.054191 0.636658 0.451953 0.580739 0.507810 1
0.042368 0.520138 0.115103 0.155614 0.373120 0.511711 0
0.798585 0.933332 0.805173 0.794309 0.080037 0.390015 0
0.524387 0.541571 0.748945 0.024059 0.764162 0.707523 1
0.351144 0.253097 0.430440 0.110477 0.332214 0.227882 0
0.144412 0.138334 0.717524 0.544476 0.990827 0.389802 1
0.413194 0.024659 0.091788 0.945927 0.058075 0.317106 0
0.007950 0.885967 0.554566 0.916302 0.406215 0.791453 1
0.763939 0.483665 0.233520 0.088801 0.925078 0.472426 1
0.924706 0.221990 0.008186 0.954902 0.701419 0.277370 1
0.416646 0.197322 0.836193 0.642269 0.922282 0.770075 1
0.370445 0.877040 0.340590 0.004043 0.363026 0.098783 0
0.305209 0.318606 0.742292 0.540995 0.250378 0.326658 1
0.871036 0.425190 0.188839 0.250895 0.044574 0.507347 0
0.772006 0.098600 0.473813 0.993997 0.659659 0.339422 1
0.322434 0.693104 0.757518 0.412792 0.419200 0.081406 0
0.647920 0.102367 0.233237 0.408730 0.150155 0.531041 0
0.673925 0.272806 0.503548 0.054820 0.234349 0.084201 0
0.960048 0.662283 0.916149 0.336969 0.065543 0.891087 1
0.910237 0.423871 0.003739 0.953296 0.066202 0.412808 0
0.105412 0.087916 0.431048 0.248758 0.295041 0.235945 0
0.293178 0.631727 0.691161 0.002320 0.260398 0.991490 0
0.188641 0.692674 0.019390 0.745610 0.710084 0.911479 1
0.775360 0.617922 0.544984 0.359606 0.352630 0.885524 1
0.587242 0.714208 0.638894 0.371306 0.725716 0.777678 1
0.282001 0.203829 0.774645 0.533316 0.146646 0.808763 1
0.443349 0.124950 0.193380 0.695239 0.485512 0.168561 0
0.554890 0.966918 0.517964 0.396963 0.899626 0.384501 0
0.386055 0.253286 0.898013 0.342336 0.968982 0.691051 1
0.433278 0.610730 0.968252 0.505613 0.333861 0.687281 1
0.224738 0.369756 0.299000 0.613533 0.049108 0.323572 0
0.143610 0.625515 0.831700 0.567806 0.515747 0.408807 1
0.231223 0.859482 0.322901 0.153365 0.633752 0.872994 0
0.639215 0.070338 0.151677 0.033607 0.711244 0.522598 1
0.442152 0.157034 0.087891 0.358396 0.278052 0.641391 0
0.933989 0.710121 0.968363 0.393609 0.510681 0.642854 1
0.396931 0.048191 0.692279 0.751732 0.019079 0.854240 1
0.374286 0.089146 0.904610 0.517133 0.144180 0.456062 1
0.728198 0.915849 0.359004 0.627503 0.889740 0.272213 0
0.384577 0.083022 0.161366 0.801428 0.531637 0.270477 0
0.147148 0.363751 0.840267 0.807144 0.103312 0.236791 1
0.242520 0.415978 0.890331 0.973313 0.223085 0.804249 1
0.489677 0.887783 0.244990 0.081088 0.574237 0.057953 0
0.003900 0.818323 0.878100 0.695690 0.112837 0.740401 1
0.180010 0.125079 0.328476 0.103248 0.864112 0.459123 0
0.128453 0.072646 0.594742 0.750839 0.202318 0.395673 1
0.484266 0.517574 0.213035 0.517711 0.257371 0.642353 1
0.396736 0.900447 0.670193 0.439053 0.920775 0.164407 0
0.418007 0.181962 0.162955 0.455254 0.651802 0.853210 0
0.239473 0.074096 0.964189 0.836905 0.412211 0.273305 1
0.378461 0.306401 0.677710 0.449776 0.443058 0.107240 1
0.449618 0.788849 0.497845 0.463427 0.428215 0.569886 0
0.255402 0.472096 0.497301 0.587574 0.359287 0.462096 0
0.370956 0.462889 0.822428 0.622352 0.623815 0.132049 1
0.786517 0.991775 0.545119 0.264605 0.354726 0.881869 1
0.224592 0.961226 0.157312 0.162610 0.938983 0.233671 0
0.633655 0.620318 0.777973 0.345272 0.181415 0.596234 1
0.443400 0.912660 0.342327 0.067052 0.398635 0.991074 0
0.710951 0.806944 0.485903 0.005637 0.688424 0.347533 0
0.953876 0.716009 0.624441 0.747578 0.103848 0.003891 0
0.278746 0.489466 0.976875 0.560510 0.219937 0.800787 1
0.052137 0.695285 0.626853 0.054581 0.097551 0.614445 0
0.834811 0.017628 0.832917 0.530406 0.789857 0.136918 1
0.357849 0.286692 0.626645 0.648433 0.640491 0.086775 1
0.065475 0.179324 0.613941 0.148873 0.778072 0.240565 1
0.935775 0.248087 0.781413 0.018388 0.808340 0.688560 1
0.421618 0.608401 0.750112 0.957543 0.640688 0.369106 1
0.304341 0.266074 0.791039 0.547500 0.463980 0.642396 1
0.809711 0.817851 0.934212 0.641710 0.555472 0.812697 1
0.758100 0.629575 0.766931 0.671049 0.388546 0.449135 0
0.153262 0.031078 0.084382 0.283253 0.891359 0.413150 0
0.402851 0.927746 0.921570 0.088851 0.084518 0.641827 0
0.291474 0.889972 0.998656 0.157817 0.400095 0.031226 0
0.650637 0.903489 0.723764 0.272203 0.332506 0.678212 1
0.501500 0.269609 0.899181 0.896563 0.593935 0.070470 1
0.890188 0.583151 0.672918 0.945868 0.181245 0.427768 0
0.930527 0.858908 0.899880 0.993270 0.700070 0.554769 1
0.902969 0.860255 0.402657 0.491679 0.068709 0.775765 1
0.125962 0.542324 0.532996 0.278532 0.552051 0.290144 0
0.266877 0.258660 0.705840 0.709545 0.717939 0.160468 1
0.587849 0.245984 0.067614 0.870401 0.279282 0.385683 0
0.984875 0.270202 0.258257 0.424067 0.133014 0.640182 0
0.436151 0.503912 0.958256 0.570132 0.165021 0.056145 1
0.248029 0.841857 0.300762 0.518962 0.628535 0.522622 1
0.394144 0.861953 0.962652 0.132802 0.026319 0.047858 0
0.235055 0.642808 0.519818 0.418774 0.958604 0.912202 0
0.853882 0.837268 0.245832 0.773339 0.799949 0.682328 1
0.435881 0.027716 0.105294 0.972689 0.777273 0.402836 0
0.810901 0.748806 0.546918 0.126267 0.373066 0.989118 1
0.828671 0.989842 0.992008 0.381067 0.423265 0.089840 0
0.246809 0.152422 0.910696 0.494925 0.097668 0.543102 1
0.529055 0.577929 0.078269 0.838988 0.257497 0.958845 1
0.197640 0.533828 0.751241 0.157947 0.052520 0.443902 0
0.972477 0.108140 0.796357 0.000141 0.453066 0.602578 0
0.924410 0.972361 0.788311 0.771457 0.360569 0.781518 1
0.739703 0.799220 0.804785 0.523008 0.246686 0.720741 1
0.198363 0.445139 0.207507 0.489126 0.473503 0.611288 0
0.910694 0.190610 0.516903 0.263824 0.910147 0.267342 1
0.046057 0.820482 0.941036 0.467994 0.074581 0.983746 0
0.306557 0.568305 0.431708 0.819379 0.127160 0.700173 1
0.054031 0.819604 0.648885 0.135060 0.547649 0.077141 0
0.043773 0.716357 0.889829 0.441514 0.541052 0.038489 0
0.395191 0.808881 0.156609 0.567646 0.609125 0.496810 1
0.816869 0.512076 0.805171 0.541672 0.617032 0.315349 0
0.501247 0.156127 0.274992 0.205817 0.416775 0.859105 0
0.757743 0.522136 0.072006 0.915302 0.385501 0.829458 1
0.597555 0.841937 0.594446 0.561970 0.117263 0.708978 1
0.676627 0.438921 0.596943 0.902214 0.783294 0.301175 1
0.457116 0.646144 0.262723 0.869284 0.445581 0.007299 1
0.691588 0.777304 0.430154 0.795786 0.360682 0.133368 0
0.850979 0.789354 0.002236 0.437092 0.132120 0.063527 0
0.878094 0.082077 0.555436 0.677815 0.374632 0.930533 0
0.482038 0.347268 0.206784 0.126128 0.113508 0.112583 0
0.039696 0.185015 0.814573 0.174723 0.782923 0.839688 1
0.715460 0.204589 0.316711 0.032384 0.028316 0.811228 0
0.791362 0.265950 0.279745 0.068481 0.667864 0.280104 1
0.344401 0.255560 0.193097 0.872117 0.176442 0.271978 0
0.149175 0.736001 0.752812 0.819978 0.453144 0.663044 1
0.424949 0.112528 0.942054 0.293039 0.627948 0.780840 1
0.483747 0.435792 0.100402 0.117439 0.637081 0.331963 0
0.332645 0.823885 0.414258 0.164652 0.938326 0.618984 0
0.236612 0.143744 0.053401 0.690578 0.325945 0.491232 0
0.841489 0.526259 0.302813 0.397533 0.937594 0.206879 0
0.643702 0.053414 0.721547 0.731225 0.419725 0.462839 0
0.146490 0.066192 0.003470 0.582211 0.102925 0.784134 0
0.953570 0.525564 0.240471 0.186842 0.621453 0.677197 1
0.480147 0.338642 0.385243 0.592216 0.432819 0.068119 0
0.921412 0.833703 0.908760 0.932489 0.046500 0.574541 1
0.066112 0.053028 0.332606 0.842068 0.058513 0.825261 0
0.388581 0.251143 0.786038 0.183215 0.457859 0.933826 1
0.100414 0.560700 0.061098 0.160337 0.781957 0.823494 0
0.187911 0.375517 0.945939 0.047360 0.751704 0.637644 1
0.984663 0.663298 0.524718 0.669449 0.117221 0.108830 0
0.990585 0.228361 0.130058 0.195214 0.226579 0.943860 0
0.426507 0.052982 0.011490 0.426130 0.850625 0.263468 0
0.062883 0.205912 0.296397 0.704784 0.650552 0.432843 0
0.311848 0.227006 0.882394 0.032352 0.332893 0.298232 1
0.572133 0.489401 0.691072 0.970668 0.497762 0.672118 0
0.184352 0.015882 0.310617 0.656569 0.302372 0.147225 0
0.689750 0.089540 0.026696 0.104403 0.986006 0.154532 1
0.889488 0.783072 0.437732 0.805671 0.662366 0.885196 1
0.670805 0.792718 0.140394 0.376802 0.466349 0.477825 0
0.307193 0.555406 0.287150 0.901863 0.936833 0.083058 1
0.255819 0.381642 0.963925 0.374668 0.284439 0.835214 1
0.501773 0.783757 0.612984 0.529103 0.851897 0.696475 1
0.896465 0.524589 0.370933 0.379132 0.052150 0.883562 1
0.281053 0.485063 0.086357 0.679073 0.868362 0.546508 0
0.730171 0.253242 0.620121 0.173581 0.371392 0.250472 0
0.704659 0.536247 0.436163 0.002112 0.033383 0.421228 0
0.925225 0.281477 0.034971 0.110558 0.797844 0.516359 1
0.340801 0.285140 0.612095 0.052583 0.088087 0.528302 1
0.646724 0.645090 0.010658 0.630428 0.124701 0.987418 1
0.375176 0.585256 0.142031 0.694958 0.231250 0.169844 1
0.690776 0.125484 0.515114 0.445880 0.255748 0.596043 0
0.347419 0.620721 0.315392 0.884709 0.704159 0.962569 1
0.938853 0.295395 0.455555 0.826713 0.253857 0.525749 0
0.405136 0.044129 0.619604 0.497593 0.729012 0.555788 1
0.365336 0.185674 0.513820 0.142492 0.839484 0.844065 1
0.743028 0.301399 0.736452 0.834514 0.887442 0.729767 1
0.104011 0.487485 0.148073 0.269072 0.978973 0.492176 0
0.146343 0.101845 0.897657 0.514941 0.014091 0.590201 1
0.081493 0.679189 0.571630 0.277381 0.850290 0.180477 0
0.625725 0.264122 0.634085 0.077385 0.043545 0.550152 0
0.093327 0.235858 0.064652 0.471428 0.395569 0.098067 0
0.275436 0.266770 0.357426 0.577311 0.656218 0.397131 0
0.038897 0.928579 0.641520 0.003190 0.518418 0.845055 0
0.394869 0.030091 0.080392 0.010424 0.428083 0.119004 0
0.942129 0.942085 0.841256 0.188385 0.284347 0.622880 1
0.209033 0.449573 0.717780 0.936732 0.403813 0.957419 1
0.502805 0.225821 0.136470 0.829584 0.530981 0.130760 1
0.181474 0.937390 0.340629 0.739615 0.503929 0.227878 1
0.677856 0.403194 0.895603 0.137792 0.959929 0.183634 1
0.178264 0.144160 0.783492 0.707993 0.868643 0.221289 1
0.975720 0.382126 0.540344 0.072562 0.913399 0.446396 1
0.211886 0.408184 0.329336 0.332768 0.909453 0.123450 0
0.131320 0.806645 0.834448 0.261904 0.939356 0.204008 0
0.998507 0.517745 0.599088 0.266514 0.096678 0.118230 0
0.064080 0.477526 0.250090 0.186371 0.241323 0.458750 0
0.635996 0.823849 0.802891 0.915843 0.846191 0.905833 1
0.080256 0.516072 0.282028 0.751835 0.470695 0.426673 1
0.550848 0.584026 0.389045 0.841531 0.776715 0.092177 0
0.996104 0.560005 0.873156 0.300842 0.064601 0.198029 0
0.512747 0.611392 0.117500 0.692166 0.184588 0.935933 1
0.837450 0.250834 0.769449 0.445010 0.939542 0.101933 1
0.542958 0.776764 0.742833 0.753271 0.202680 0.291708 0
0.768598 0.702754 0.828623 0.450445 0.611414 0.198540 0
0.690205 0.017960 0.672215 0.889171 0.060644 0.851089 0
0.720216 0.234598 0.342868 0.943162 0.064944 0.512342 0
0.178698 0.059267 0.427601 0.747397 0.186253 0.492228 0
0.425923 0.481029 0.092991 0.141696 0.154042 0.028560 0
0.965920 0.306813 0.357359 0.342773 0.997536 0.806517 1
0.100122 0.177964 0.530844 0.952965 0.402440 0.999130 1
0.815064 0.776700 0.449433 0.020508 0.962524 0.768417 1
0.716981 0.650120 0.894151 0.788564 0.466936 0.990483 1
0.480202 0.486266 0.852060 0.658522 0.599171 0.419107 1
0.710554 0.042235 0.300266 0.135807 0.180323 0.064964 0
0.138181 0.259602 0.943511 0.085720 0.662872 0.466130 1
0.801869 0.084976 0.772999 0.682735 0.593113 0.289620 1
0.447964 0.421491 0.820799 0.822729 0.061904 0.318144 1
0.469904 0.319866 0.361271 0.258542 0.951228 0.329955 0
0.685501 0.392545 0.231124 0.823491 0.954286 0.281745 1
0.447690 0.884684 0.027015 0.018148 0.960687 0.430340 0
0.854394 0.644877 0.653545 0.945279 0.252727 0.179283 0
0.925927 0.771194 0.056378 0.276016 0.420444 0.143936 0
0.762445 0.995391 0.958273 0.376242 0.335148 0.073930 0
0.139469 0.843447 0.162420 0.730186 0.365988 0.831910 1
0.939280 0.920142 0.016047 0.533796 0.862622 0.749981 1
0.914912 0.253880 0.562432 0.110357 0.522192 0.028317 1
0.071900 0.734938 0.848194 0.229855 0.641583 0.452750 0
0.441033 0.726470 0.691567 0.570366 0.928302 0.786085 1
0.192109 0.355826 0.098239 0.072623 0.411718 0.514754 0
0.555603 0.537955 0.605592 0.579058 0.637427 0.004551 0
0.817196 0.582550 0.191980 0.598236 0.829360 0.566186 1
0.765190 0.321023 0.541337 0.898379 0.388961 0.933890 0
0.280955 0.512668 0.881648 0.053458 0.098268 0.639508 0
0.577683 0.302940 0.630328 0.208801 0.381206 0.966583 0
0.538260 0.591959 0.599519 0.006395 0.523388 0.132220 0
0.567735 0.533378 0.092573 0.585382 0.780704 0.189453 0
0.027264 0.008035 0.314144 0.150895 0.947407 0.745222 0
0.333397 0.307722 0.766968 0.144714 0.699706 0.412958 1
0.262394 0.908219 0.677523 0.358427 0.454100 0.442037 0
0.337108 0.869819 0.342718 0.618328 0.548403 0.317861 1
0.106373 0.843522 0.856517 0.932073 0.625767 0.527586 1
0.957933 0.864009 0.083507 0.704956 0.107054 0.766687 1
0.199858 0.322939 0.000546 0.064784 0.275741 0.849359 0
0.318160 0.981171 0.394390 0.474078 0.127919 0.541068 0
0.292161 0.267723 0.468458 0.250073 0.368850 0.979012 0
0.224900 0.205161 0.707272 0.282159 0.924856 0.865269 1
0.363191 0.674718 0.371025 0.282504 0.546444 0.751546 0
0.990832 0.576245 0.392621 0.379947 0.023915 0.664507 1
0.258759 0.279296 0.643128 0.716458 0.469650 0.951582 1
0.703411 0.275138 0.133923 0.350420 0.760366 0.942111 1
0.000029 0.584408 0.473901 0.371216 0.186147 0.203206 0
0.235132 0.949242 0.926644 0.457974 0.807428 0.132203 0
0.482388 0.591499 0.784060 0.496364 0.070630 0.757391 0
0.680874 0.817604 0.807019 0.288892 0.985027 0.646391 1
0.217651 0.121829 0.763265 0.199912 0.046968 0.644041 1
0.763187 0.472821 0.974165 0.327640 0.603933 0.175018 1
0.547117 0.329044 0.593109 0.588386 0.300472 0.075707 0
0.673377 0.232223 0.987236 0.016407 0.013642 0.065305 0
0.645142 0.969485 0.570193 0.680474 0.681092 0.828462 1
0.707261 0.345600 0.750746 0.929578 0.737235 0.820880 1
0.165096 0.178284 0.146168 0.604950 0.831199 0.931318 0
0.489312 0.752147 0.796020 0.058001 0.503493 0.780312 0
0.329564 0.485025 0.771178 0.820036 0.422363 0.316220 1
0.686599 0.356452 0.332151 0.687829 0.481204 0.657512 0
0.354499 0.764145 0.897269 0.536944 0.189140 0.043827 1
0.822209 0.028454 0.863136 0.046280 0.397200 0.852101 0
0.886936 0.926594 0.826473 0.269804 0.276898 0.521103 1
0.333148 0.665528 0.464099 0.286374 0.247354 0.017778 0
0.635781 0.186697 0.035705 0.685976 0.593727 0.486504 1
0.686621 0.986847 0.270117 0.698322 0.069326 0.088033 0
0.438799 0.721435 0.589444 0.335472 0.564116 0.594210 0
0.020064 0.127774 0.070642 0.583455 0.486347 0.758909 0
0.610226 0.092993 0.050490 0.118910 0.922127 0.093143 1
0.150966 0.832727 0.722243 0.418335 0.502558 0.119253 0
0.495774 0.827775 0.285920 0.935448 0.316561 0.944635 1
0.850677 0.697402 0.087545 0.384187 0.376100 0.273993 0
0.597555 0.545707 0.299591 0.148261 0.140805 0.407276 0
0.163946 0.436598 0.818386 0.248013 0.301836 0.785020 1
0.566699 0.759996 0.791276 0.044828 0.846743 0.832212 1
0.064796 0.094387 0.149040 0.155994 0.878137 0.890984 0
0.513172 0.181543 0.888608 0.818906 0.776396 0.311207 1
0.603890 0.716175 0.187338 0.804852 0.305231 0.359707 0
0.561136 0.429626 0.568867 0.862980 0.821797 0.135399 1
0.274435 0.111103 0.686748 0.972416 0.016605 0.297998 1
0.032208 0.207653 0.732698 0.424068 0.790680 0.016889 1
0.327093 0.085852 0.513472 0.240255 0.470597 0.695704 1
0.550506 0.690524 0.736008 0.121065 0.920100 0.204321 0
0.512302 0.987642 0.557864 0.939754 0.227412 0.321880 0
0.442943 0.935652 0.999345 0.644755 0.048523 0.069531 1
0.108367 0.744307 0.894777 0.056674 0.146894 0.309827 0
0.037874 0.344728 0.998364 0.375145 0.204007 0.680535 1
0.431539 0.253193 0.248701 0.055296 0.976382 0.132218 0
0.243287 0.350555 0.041776 0.583512 0.000557 0.168455 0
0.282086 0.321298 0.622407 0.838344 0.656500 0.831341 1
0.401995 0.662263 0.301379 0.904605 0.101032 0.671291 1
0.279061 0.535866 0.726008 0.085715 0.299998 0.780666 0
0.654770 0.472656 0.952008 0.368867 0.528674 0.120856 1
0.886964 0.147263 0.064535 0.809499 0.012179 0.232067 0
0.943866 0.794343 0.642502 0.172991 0.966284 0.009973 0
0.461745 0.733057 0.172433 0.030362 0.629227 0.864298 0
0.778443 0.437697 0.763698 0.283563 0.524890 0.714571 1
0.246936 0.569102 0.948899 0.675279 0.534337 0.382506 1
0.249487 0.708151 0.603032 0.248732 0.985930 0.668575 0
0.890594 0.663201 0.664376 0.577662 0.600822 0.371949 0
0.189248 0.190641 0.198084 0.002175 0.300850 0.825787 0
0.231371 0.929380 0.476157 0.812622 0.209239 0.849456 1
0.064583 0.611322 0.712685 0.889049 0.958031 0.521339 1
0.327315 0.223560 0.454499 0.106076 0.663526 0.443709 0
0.219190 0.140046 0.812878 0.907107 0.136611 0.924635 1
0.045021 0.774248 0.492329 0.209201 0.668556 0.534238 0
0.268206 0.915663 0.568061 0.269728 0.420440 0.836638 0
0.154284 0.186005 0.119128 0.569472 0.699971 0.535879 0
0.538603 0.642677 0.563342 0.066422 0.523432 0.112289 0
0.656189 0.720075 0.644599 0.907446 0.278756 0.496223 0
0.389949 0.539697 0.582059 0.069779 0.879566 0.563511 0
0.356782 0.428084 0.518532 0.289405 0.664450 0.531982 1
0.202257 0.377979 0.686502 0.069785 0.439678 0.688113 1
0.599792 0.233752 0.806703 0.620606 0.259496 0.587507 0
0.407528 0.757479 0.138340 0.588277 0.624584 0.355352 1
0.439373 0.470751 0.997572 0.797954 0.645191 0.322641 1
0.042775 0.404280 0.503067 0.498237 0.223883 0.078013 1
0.982595 0.161607 0.269037 0.821494 0.236897 0.482527 0
0.369490 0.854085 0.275019 0.726364 0.180613 0.906939 1
0.081157 0.366490 0.404798 0.614114 0.038830 0.160113 0
0.457097 0.561796 0.767731 0.169278 0.290370 0.533450 0
0.849706 0.622298 0.630506 0.741942 0.692252 0.624497 1
0.295591 0.479996 0.726457 0.719675 0.423972 0.902364 1
0.957589 0.020507 0.201687 0.876992 0.084983 0.267805 0
0.149096 0.204527 0.785036 0.471550 0.114493 0.739479 1
0.389363 0.807226 0.082896 0.478538 0.989849 0.647970 0